0.000 25.495 76.688 18.028 77.827 69.007 99.298 58.310 42.544 59.439 50.636 85.440 92.698 58.258 27.785 67.956 59.481 70.029 68.622 42.802 24.698 43.681 68.768 38.588 41.881 105.309 50.961 31.000 72.028 70.178 77.369 28.071 56.613 2.236 104.043 101.237 6.000 13.601 19.235 62.626 7.000 49.396 48.826 75.432 89.286 52.000 42.953 48.260 99.368 64.537 53.712 58.138 22.023 96.773 80.529 35.468 87.464 39.051 91.924 51.662 33.136 37.696 34.015 88.119 58.600 31.145 63.388 77.104 85.884 55.218 69.857 105.688 43.932 56.303 76.896 56.859 29.017 65.115 8.062 26.000 22.472 84.054 56.824 35.114 58.009 61.351 53.535 88.955 76.557 47.011 12.000 44.407 36.878 104.178 78.772 109.590 71.063 42.000 83.648 88.685 43.046 53.413 20.224 71.344 68.007 50.329 64.327 96.773 96.317 63.151 85.843 101.203 38.833 27.893 70.838 45.354 73.980 102.786 61.685 54.120 57.385 68.264 71.694 43.738 26.683 100.000 53.367 14.000 47.802 93.059 44.407 95.520 70.036 94.921 41.785 65.970 9.849 100.722 79.555 58.009 43.600 47.760 88.023 61.400 78.600 54.203 93.134 99.408 26.627 64.413 46.872 73.682 100.663 12.530 55.471 48.083 81.320 26.077 38.210 38.949 26.173 41.400 54.406 55.902 76.896 85.381 101.074 63.506 36.401 34.059 49.041 51.245 58.796 34.438 93.536 55.362 78.243 51.884 24.083 52.202 84.054 17.464 60.902 48.260 44.102 95.567 62.201 51.264 80.777 19.000 51.430 57.271 24.083 41.304 88.843 75.644 52.154 44.011 57.009 56.356 
25.495 0.000 56.009 13.000 72.863 53.141 74.847 52.402 56.036 39.205 32.280 82.329 83.815 64.560 5.831 42.942 35.440 53.160 43.278 51.478 30.067 23.537 43.278 14.318 18.439 81.609 30.150 20.809 55.082 55.543 56.036 20.248 35.000 23.431 93.814 77.492 29.833 12.530 16.125 40.200 20.809 48.765 49.659 75.472 78.549 31.016 59.841 31.385 90.443 44.102 51.313 63.891 20.616 73.082 75.690 10.000 79.649 43.417 87.727 57.280 52.498 34.886 24.759 82.735 54.037 6.325 50.120 59.439 61.465 55.471 46.325 82.462 27.857 34.059 53.935 56.436 49.396 69.642 28.302 8.602 39.560 68.007 53.824 14.866 42.953 39.115 29.732 75.240 52.887 33.287 19.647 29.967 41.976 95.441 59.304 85.088 71.694 61.984 59.237 84.172 54.083 55.036 20.025 57.271 60.208 44.822 53.254 89.022 84.077 51.865 66.189 88.566 23.707 15.620 48.374 25.710 53.000 92.439 53.151 31.575 32.202 65.803 47.011 28.231 13.038 77.782 33.377 19.235 22.472 68.542 53.460 72.567 44.553 74.027 56.143 55.803 17.000 93.236 58.078 32.757 45.880 28.160 70.612 36.056 53.254 31.048 77.201 84.119 32.140 40.162 28.160 60.374 88.549 30.871 31.385 27.166 71.281 7.071 57.009 15.133 2.236 17.088 29.967 52.202 53.935 62.801 76.694 50.606 51.352 53.759 63.032 43.863 33.302 12.166 78.772 47.381 52.802 63.198 18.385 31.064 68.007 15.000 58.009 57.559 63.063 83.648 44.643 31.016 55.902 19.105 63.127 35.355 44.385 27.785 76.479 51.923 28.460 58.078 36.056 53.009 
76.688 56.009 0.000 69.007 52.345 18.028 32.696 43.417 79.931 17.263 26.249 62.073 49.477 71.868 51.039 27.659 24.597 14.866 44.045 70.007 61.294 33.242 37.014 42.190 55.362 33.302 26.077 46.819 14.318 21.587 3.000 73.980 21.024 75.313 53.666 30.000 78.160 67.186 72.062 16.763 69.857 53.413 56.223 65.000 41.485 63.632 87.864 29.155 54.083 12.166 50.478 70.491 76.236 26.077 54.148 48.508 49.366 60.877 63.127 67.201 87.092 50.000 76.158 57.079 46.530 54.452 25.942 12.166 24.021 56.604 16.279 31.890 71.309 22.204 11.402 55.570 86.608 71.113 74.632 51.352 76.538 21.024 49.739 42.190 24.042 17.464 54.378 31.780 15.811 32.757 75.107 74.465 61.717 58.310 5.831 41.340 64.195 94.810 23.022 60.033 74.953 59.076 58.189 23.345 40.522 44.045 31.385 55.785 41.593 30.871 10.770 44.102 70.520 68.884 10.630 31.401 3.162 52.326 37.577 59.363 45.804 54.708 23.854 72.236 50.010 24.187 23.345 75.027 39.217 28.862 71.449 21.932 40.000 18.248 81.394 33.838 71.344 59.481 4.472 33.287 58.000 65.742 19.105 33.422 33.242 57.140 27.659 34.655 61.400 22.804 29.833 26.077 45.277 74.095 53.254 29.069 39.115 61.294 89.202 41.110 57.079 52.811 51.313 48.021 11.402 12.530 33.541 26.833 79.649 88.482 84.900 40.460 38.601 44.011 31.623 38.833 35.847 80.281 73.437 25.020 21.024 71.007 50.990 73.756 93.723 42.048 17.029 65.368 26.683 75.060 80.920 62.426 83.241 74.330 36.056 16.155 54.708 82.037 20.025 48.877 
18.028 13.000 69.007 0.000 82.329 65.521 86.977 61.847 57.070 52.154 44.911 91.241 94.668 69.318 18.248 54.781 48.052 65.734 52.631 54.781 33.541 36.346 53.852 27.166 24.759 94.112 43.105 30.232 67.683 67.676 69.029 11.705 48.000 15.811 105.119 89.989 23.770 6.325 3.606 53.151 17.029 56.080 56.400 83.096 89.894 34.015 59.076 43.681 101.356 57.079 59.414 68.884 8.602 85.615 85.147 21.840 90.139 48.374 97.082 62.177 50.090 42.450 17.720 92.455 63.032 16.155 61.847 72.180 73.682 62.626 59.034 95.126 26.173 47.043 66.753 63.891 46.271 75.293 24.083 19.313 38.053 80.523 62.225 27.459 55.027 52.086 36.235 87.316 65.513 44.777 7.810 27.000 46.530 106.330 72.250 97.144 79.025 59.304 71.470 93.606 56.321 61.612 24.413 69.289 70.456 53.907 64.413 99.569 95.854 63.063 79.158 100.464 21.095 10.050 61.294 38.471 66.000 103.769 63.514 36.359 41.231 74.250 59.135 26.077 22.825 90.670 46.271 6.708 34.176 80.654 56.648 85.329 54.644 87.023 56.719 66.731 8.246 103.730 71.063 44.385 51.865 29.732 83.361 47.424 64.413 36.620 89.739 96.566 35.777 52.631 40.792 72.236 100.319 28.000 38.288 40.112 82.365 9.434 55.036 28.071 12.166 24.839 37.483 60.828 66.753 75.664 88.865 62.241 51.478 51.157 63.953 53.600 43.909 25.080 91.093 57.428 63.632 65.521 8.062 44.045 80.523 2.000 66.468 60.745 61.074 95.341 57.271 33.242 67.779 6.325 65.253 39.357 41.195 24.021 88.238 64.537 34.828 58.856 49.041 61.522 
77.827 72.863 52.345 82.329 0.000 35.000 84.172 20.518 52.086 50.220 47.927 10.440 18.439 33.242 67.268 73.980 65.000 38.013 88.769 43.046 53.226 55.073 82.765 66.573 84.599 81.933 53.852 52.345 38.118 31.016 55.326 92.655 55.082 77.897 30.265 79.699 75.240 77.006 85.913 57.871 71.694 28.792 30.083 14.866 20.809 97.247 60.299 46.065 24.021 50.359 24.166 32.016 90.907 76.655 2.828 72.422 12.369 40.522 14.866 34.059 66.068 40.497 97.591 10.296 19.416 76.059 29.614 40.792 76.322 24.331 64.195 78.924 99.202 57.280 63.071 22.361 68.359 27.731 71.176 64.351 62.817 36.249 21.024 60.000 36.688 57.070 90.338 29.833 67.007 41.340 84.054 101.828 42.720 28.071 47.854 91.395 16.643 69.260 75.166 11.314 47.011 27.166 59.076 29.069 13.928 28.425 23.770 20.100 29.155 25.000 50.596 33.541 95.901 88.391 59.034 53.235 53.085 29.428 20.591 94.826 84.865 11.000 72.339 99.810 60.108 69.462 50.922 85.212 72.014 81.049 43.000 71.169 85.907 60.008 54.083 20.616 79.057 23.537 56.569 73.376 35.440 96.799 42.485 75.690 83.217 93.022 39.205 40.361 51.478 67.082 50.537 26.306 31.780 67.779 90.377 55.036 15.811 79.931 65.031 65.192 75.007 81.835 88.142 21.954 63.071 64.133 84.646 28.636 56.036 67.030 52.953 29.000 79.057 63.600 35.384 25.612 85.376 46.098 89.939 54.424 36.249 83.869 17.088 42.190 66.483 27.785 41.593 98.270 78.000 88.238 47.074 98.838 68.066 100.125 25.456 67.000 89.894 53.235 52.887 21.471 
69.007 53.141 18.028 65.521 35.000 0.000 50.695 25.807 64.405 17.804 21.024 45.100 35.847 54.406 47.434 39.850 32.249 3.162 55.543 54.203 49.477 29.967 49.041 41.677 58.412 50.478 25.000 38.013 4.243 4.123 20.881 73.007 23.431 68.066 43.139 47.508 69.181 62.169 68.964 24.166 62.008 36.797 39.623 47.074 28.601 69.296 72.670 21.840 41.617 16.155 33.302 53.009 73.682 43.829 37.054 48.374 34.176 45.793 47.074 50.249 73.348 36.401 76.479 41.000 28.844 53.666 8.485 9.434 41.593 39.205 29.428 48.415 74.404 25.612 28.160 38.013 73.539 53.235 65.276 46.325 64.195 15.133 32.202 38.275 11.000 23.707 60.959 22.472 32.016 22.000 70.214 77.421 47.011 46.400 15.000 59.059 46.174 80.262 40.311 43.738 59.203 41.869 49.041 6.325 22.561 27.803 13.416 42.059 32.016 13.038 20.616 36.056 72.402 68.029 24.083 27.731 18.248 41.725 19.723 65.856 53.824 36.688 37.656 75.213 43.566 39.623 21.401 70.612 43.139 46.840 55.444 39.115 52.202 31.241 66.030 15.811 65.765 46.141 22.472 41.340 42.202 70.178 19.235 42.942 48.374 63.781 24.331 31.048 49.041 33.242 25.080 9.849 36.401 63.789 60.440 27.459 23.770 59.615 74.793 40.311 54.781 55.606 58.258 30.610 28.160 30.463 51.478 9.220 65.000 74.686 68.768 24.413 47.170 41.231 25.632 21.932 50.636 63.640 71.512 24.839 15.133 67.446 33.121 57.315 78.772 31.890 9.220 70.725 43.000 71.840 64.351 69.527 70.838 76.551 24.759 32.000 60.877 66.400 21.260 31.401 
99.298 74.847 32.696 86.977 84.172 50.695 0.000 76.026 110.752 44.598 53.740 93.381 78.006 104.317 71.554 32.280 39.825 47.539 41.195 101.213 89.275 57.201 36.014 60.836 65.924 10.296 50.448 73.246 46.819 54.083 29.967 87.864 44.688 97.494 78.772 7.810 102.215 87.321 89.185 38.288 93.150 85.440 88.204 97.417 70.029 68.029 118.258 57.280 81.154 40.608 82.855 102.956 92.179 8.062 85.703 65.192 79.310 91.679 93.434 99.323 116.043 80.056 87.824 87.573 79.158 70.838 58.600 43.417 13.416 89.067 30.000 14.213 79.057 44.204 24.839 88.119 114.865 103.788 99.323 73.430 104.350 49.163 82.298 64.661 55.758 39.699 59.008 59.000 23.431 62.370 94.340 82.024 92.195 84.481 36.401 10.296 96.799 124.451 15.652 90.670 106.042 91.417 83.815 55.660 73.055 76.007 64.078 84.006 67.268 63.561 34.132 67.897 80.399 83.199 31.145 56.223 33.121 77.647 70.264 63.032 50.090 87.316 27.857 80.056 73.783 19.698 49.518 93.638 52.811 6.325 102.801 14.142 37.054 27.459 112.045 66.483 91.788 87.092 28.231 42.720 89.404 72.007 44.000 40.025 25.020 61.008 51.245 56.089 89.872 34.886 55.973 57.974 69.721 99.865 57.000 52.802 69.721 77.795 118.794 60.374 75.027 64.327 56.036 80.529 24.839 20.248 2.000 59.506 109.659 117.456 116.211 72.402 44.553 64.885 56.223 71.197 27.166 112.071 88.769 49.041 49.163 88.865 83.672 105.437 123.794 68.184 48.549 70.029 19.416 92.049 112.645 64.281 110.887 83.150 64.008 24.207 60.033 112.929 45.277 81.413 
58.310 52.402 43.417 61.847 20.518 25.807 76.026 0.000 40.719 35.228 30.265 30.000 34.482 28.601 46.861 59.076 49.010 28.844 72.339 30.463 34.205 36.056 67.030 46.957 64.885 76.276 36.346 31.828 30.000 23.345 46.065 72.139 39.000 58.181 46.098 73.246 56.321 56.613 65.437 43.290 51.894 12.649 15.232 25.495 32.062 77.820 49.244 27.659 41.110 37.108 8.062 27.203 70.434 69.462 23.345 52.479 29.155 24.187 35.355 24.839 52.173 20.616 77.104 30.610 3.162 55.803 17.493 34.713 65.788 13.454 50.990 74.202 79.057 41.012 52.202 12.207 53.460 27.857 52.202 43.863 46.011 35.511 6.403 39.962 21.378 42.190 71.512 35.171 55.362 22.136 63.812 81.609 26.077 45.880 40.804 84.723 23.022 57.585 64.195 31.828 35.341 16.279 38.949 22.672 10.050 8.062 12.728 38.484 40.012 12.806 46.011 45.011 75.604 67.897 46.840 34.482 42.953 44.911 6.403 75.769 66.940 14.560 58.549 79.630 39.598 65.299 34.059 64.900 53.451 71.694 31.305 64.900 70.064 56.586 42.544 11.662 58.830 42.485 47.885 56.436 19.416 77.026 41.617 59.211 69.584 74.095 42.544 46.840 32.757 52.086 32.016 22.472 44.011 49.244 71.784 36.878 24.021 59.464 52.498 45.618 54.562 62.177 69.570 5.000 52.202 55.946 76.942 16.643 42.720 53.367 44.102 8.602 61.814 43.566 40.804 6.083 71.344 38.419 69.426 37.216 35.511 63.411 8.062 32.450 55.543 39.000 28.160 78.715 65.734 67.801 39.205 79.850 52.038 79.812 33.242 55.082 70.937 42.485 37.014 5.657 
42.544 56.036 79.931 57.070 52.086 64.405 110.752 40.719 0.000 66.219 57.428 55.444 70.349 20.881 53.460 85.884 75.180 67.007 93.920 10.296 26.306 56.798 91.000 61.131 74.243 113.137 61.911 41.437 68.600 62.968 82.024 68.659 67.119 44.011 82.298 109.622 37.121 50.804 59.666 73.239 40.262 28.178 25.495 42.755 70.612 87.052 8.544 53.824 76.105 70.178 32.696 21.587 63.600 105.418 54.009 62.801 64.281 19.105 62.514 18.028 15.232 30.806 74.733 61.033 38.626 62.129 56.036 73.817 98.600 28.862 81.841 111.803 82.389 68.264 85.913 30.806 18.868 28.460 34.540 49.497 20.125 76.059 35.114 53.451 55.902 71.847 84.853 75.611 87.801 48.415 53.759 83.726 18.601 80.006 78.873 120.416 38.471 17.263 96.607 60.208 5.385 25.710 36.125 62.769 49.649 36.620 52.839 72.007 79.076 52.479 85.000 83.952 77.524 66.753 79.649 56.824 78.492 81.394 46.957 87.367 84.646 41.110 87.464 82.492 45.891 103.586 61.855 55.660 71.169 105.423 9.487 101.833 93.408 95.603 2.000 52.326 49.729 75.027 84.149 78.924 22.204 84.006 81.988 82.462 97.529 86.579 83.259 87.316 24.515 79.756 56.080 63.063 82.565 30.083 86.145 60.415 63.063 61.074 13.038 60.440 58.009 72.443 84.345 35.847 85.913 91.935 112.045 55.471 6.403 15.811 7.000 40.000 82.541 55.785 81.345 42.720 98.387 9.899 64.761 63.285 76.059 57.489 37.108 10.050 14.866 77.878 62.936 87.006 96.255 60.440 9.220 91.269 21.213 80.895 73.082 87.201 83.726 2.236 66.030 35.468 
59.439 39.205 17.263 52.154 50.220 17.804 44.598 35.228 66.219 0.000 9.434 60.638 53.535 61.685 34.015 24.021 14.866 16.279 38.601 56.859 45.222 16.031 32.558 25.962 41.340 48.010 9.055 29.967 17.804 21.633 18.028 57.974 5.657 58.052 60.877 44.204 61.033 50.040 55.326 8.062 52.631 42.154 44.777 60.008 46.400 51.662 73.661 12.806 59.405 5.099 40.522 60.407 59.682 39.825 52.631 32.573 51.430 47.202 63.569 55.946 71.701 35.468 60.745 57.585 38.328 38.328 20.616 21.024 32.450 46.840 16.155 47.508 57.454 7.810 19.799 46.325 70.803 62.586 57.585 34.132 60.465 30.529 40.792 25.020 14.000 7.000 43.186 39.699 21.633 17.804 58.009 60.539 47.634 64.203 20.100 54.452 58.078 79.931 30.529 60.083 61.612 48.703 41.231 23.854 36.497 32.894 26.476 59.682 49.518 25.318 27.019 53.263 55.902 52.887 13.454 14.142 14.560 59.464 31.016 48.104 36.056 49.000 23.345 58.310 32.757 40.853 6.083 58.009 25.612 39.205 58.523 37.216 35.693 35.511 67.476 29.614 54.148 63.812 20.248 23.707 45.277 52.802 31.953 25.632 34.366 46.011 39.357 46.530 45.607 17.029 12.649 27.459 53.814 57.271 42.638 12.042 41.183 44.911 74.277 24.739 40.447 38.588 40.460 38.833 19.799 26.926 45.967 21.587 65.069 73.110 71.847 29.411 29.530 27.074 41.881 29.428 36.125 68.096 57.070 8.246 30.529 54.148 43.290 61.400 79.209 49.497 8.944 53.151 31.016 58.310 68.600 51.740 67.119 59.942 42.450 21.095 43.139 68.411 3.606 39.812 
50.636 32.280 26.249 44.911 47.927 21.024 53.740 30.265 57.428 9.434 0.000 58.310 54.489 54.571 26.683 29.833 19.235 20.881 42.107 48.374 35.805 8.944 37.054 20.809 38.184 57.428 6.083 20.616 22.804 23.854 27.313 52.000 9.849 49.366 63.253 53.600 51.923 42.107 48.270 15.811 43.738 34.928 37.363 55.731 48.166 50.000 64.661 3.606 60.811 14.318 34.132 53.367 52.887 49.204 50.567 27.459 51.400 38.588 62.177 48.384 62.370 26.627 55.471 56.436 33.136 32.650 19.849 27.295 41.231 40.311 24.413 56.939 53.907 11.402 29.069 40.112 61.400 56.321 48.384 26.077 51.039 35.735 35.000 17.464 12.042 14.422 42.544 43.417 30.480 9.487 50.160 56.851 38.833 65.765 28.160 63.702 53.235 70.711 39.205 58.592 53.000 41.773 31.953 25.807 34.015 26.173 24.698 60.308 52.697 23.324 35.228 56.939 51.614 47.011 22.672 6.708 23.770 61.847 27.514 47.170 37.000 44.721 30.463 54.672 24.083 50.160 4.472 50.359 24.187 48.166 50.120 46.648 40.012 44.385 58.600 27.785 46.011 64.537 29.547 26.173 37.162 50.249 38.471 29.017 41.110 45.277 44.922 51.865 36.235 23.087 4.123 29.206 57.140 47.927 42.485 7.211 41.773 38.626 65.054 19.416 33.838 35.355 40.249 33.000 29.069 36.359 55.172 20.616 55.973 63.781 63.285 23.022 31.575 20.248 46.615 24.187 42.450 59.933 50.596 7.000 35.735 46.872 38.118 53.226 70.093 52.431 12.369 51.225 38.949 51.196 60.374 51.108 57.689 55.803 45.222 29.833 42.190 59.641 8.602 34.000 
85.440 82.329 62.073 91.241 10.440 45.100 93.381 30.000 55.444 60.638 58.310 0.000 20.518 35.014 76.837 84.345 75.432 48.042 99.202 47.539 60.745 65.299 93.172 76.662 94.668 90.521 64.257 61.620 48.000 41.049 65.069 101.863 65.521 85.703 30.414 88.527 82.365 85.703 94.795 68.250 79.630 36.056 36.715 13.038 26.077 107.424 63.127 56.365 23.707 60.671 32.016 34.059 99.765 85.703 8.062 82.377 15.811 46.957 7.071 37.855 70.214 48.918 106.963 7.810 28.320 85.802 40.025 50.249 86.093 30.414 74.431 87.281 109.041 67.720 73.000 28.653 73.007 28.071 78.390 73.756 68.710 44.643 29.069 69.893 47.127 67.469 100.648 36.674 77.026 51.478 92.455 111.606 49.193 26.249 57.315 100.170 17.029 72.111 85.024 5.385 50.804 32.696 67.476 39.013 24.352 37.537 34.205 18.788 33.302 35.440 59.439 36.797 105.603 97.745 69.181 63.506 63.000 30.017 30.871 105.095 95.273 17.205 82.608 109.622 69.426 77.795 61.351 93.723 82.347 90.554 47.074 80.050 96.317 68.308 57.428 31.048 87.459 20.616 66.189 83.815 42.059 106.850 50.596 86.128 93.434 103.315 46.065 45.804 58.830 77.466 60.836 36.014 34.713 74.706 100.722 65.391 23.770 89.376 68.469 75.293 84.504 91.924 98.489 30.414 73.000 73.553 93.744 39.051 60.208 71.021 55.000 38.601 89.493 73.498 41.677 35.511 95.635 48.000 98.995 64.846 44.643 92.698 24.839 45.398 69.029 31.890 51.971 108.407 88.051 97.000 49.000 109.124 73.376 109.809 31.765 77.058 100.180 56.223 63.325 29.732 
92.698 83.815 49.477 94.668 18.439 35.847 78.006 34.482 70.349 53.535 54.489 20.518 0.000 51.662 78.006 75.240 68.096 38.013 91.236 61.033 68.680 62.936 84.581 74.967 92.655 73.682 59.666 64.498 37.162 31.906 52.393 104.043 59.076 92.477 12.000 72.250 90.802 89.944 98.270 59.942 86.163 45.398 47.170 31.765 8.062 104.350 78.638 53.759 6.708 51.884 40.447 50.448 103.247 70.029 17.088 81.394 6.083 57.428 17.000 52.345 84.006 55.027 108.407 12.728 34.713 85.913 34.655 37.363 72.835 42.000 64.257 70.036 108.208 61.294 60.877 40.000 86.052 45.880 86.683 75.717 79.762 29.155 37.336 69.656 42.450 59.540 96.400 19.026 65.253 50.606 97.494 111.072 59.540 11.662 43.932 83.600 34.540 87.573 72.180 15.620 65.192 45.011 73.007 29.682 24.698 42.379 30.610 6.325 13.038 32.016 44.045 16.279 105.551 99.403 58.523 60.811 51.245 11.045 31.305 101.213 89.588 29.275 72.450 108.931 71.868 60.671 56.223 98.412 78.243 76.164 61.131 64.070 87.727 51.352 72.339 28.018 92.574 10.296 52.953 77.175 52.345 104.738 34.015 78.772 82.565 99.202 27.659 25.942 67.186 68.877 57.983 26.077 14.213 83.678 96.021 61.620 12.728 90.802 83.217 73.553 85.802 89.828 93.814 37.656 60.877 59.304 78.058 33.941 74.027 85.024 71.386 41.629 83.006 73.110 22.804 37.577 85.071 64.537 101.789 59.816 29.155 96.385 34.059 60.531 84.853 11.662 44.654 105.646 76.158 100.846 65.513 105.000 85.376 109.786 14.000 65.521 96.213 71.568 56.859 37.483 
58.258 64.560 71.868 69.318 33.242 54.406 104.317 28.601 20.881 61.685 54.571 35.014 51.662 0.000 60.415 84.404 73.756 57.428 95.525 15.556 35.777 57.219 91.241 65.123 81.216 104.862 60.208 45.398 58.600 51.856 74.431 80.957 64.288 59.203 63.348 101.789 53.759 63.063 72.471 69.570 54.083 19.647 17.263 22.091 53.310 94.541 28.160 51.196 56.886 64.475 21.471 1.414 77.026 97.944 34.713 68.731 45.607 21.190 42.048 7.280 36.056 31.064 86.816 41.195 25.612 69.857 46.043 63.253 93.520 15.264 77.833 102.801 92.347 65.970 80.056 16.401 39.395 7.616 50.329 56.515 37.643 63.032 22.204 57.140 48.754 68.308 90.355 60.208 82.855 45.122 67.956 94.244 22.847 60.407 69.405 113.208 18.000 37.121 91.788 40.012 17.000 13.000 45.310 50.990 34.828 28.792 41.231 52.469 61.847 41.400 74.518 66.483 87.920 78.000 74.324 56.436 71.197 62.586 34.828 93.771 88.006 22.847 84.770 92.655 52.173 93.862 58.941 69.642 74.007 99.730 14.213 93.477 94.048 85.041 22.804 39.623 63.285 55.145 76.322 79.630 19.105 92.418 69.354 82.873 95.603 92.542 68.819 71.694 33.541 77.621 54.745 50.210 64.846 46.011 91.198 59.682 46.530 70.838 33.734 64.070 66.761 78.918 89.140 23.854 80.056 84.380 105.309 45.222 26.401 36.688 20.025 32.311 84.291 60.299 66.038 33.121 97.015 13.038 77.369 61.392 63.032 70.235 21.932 11.180 34.015 60.539 55.902 94.921 92.698 73.926 14.036 97.867 40.817 91.761 56.824 82.462 89.454 21.378 62.642 23.022 
27.785 5.831 51.039 18.248 67.268 47.434 71.554 46.861 53.460 34.015 26.683 76.837 78.006 60.415 0.000 40.224 31.780 47.539 42.720 48.042 27.166 18.111 41.773 10.817 21.024 77.833 25.000 15.652 49.477 49.769 51.245 26.077 30.150 25.942 87.983 73.736 31.241 16.279 21.587 35.693 22.023 43.863 44.944 70.328 72.719 34.234 57.974 25.632 84.629 39.000 46.141 59.666 26.249 69.289 70.093 9.487 73.878 39.459 82.134 53.151 51.478 30.083 30.480 77.078 48.600 9.487 44.294 53.935 58.138 50.567 42.379 78.447 32.650 29.428 49.729 51.430 48.765 65.146 29.000 4.000 38.484 62.362 48.549 9.220 37.162 34.525 31.401 69.462 49.041 27.459 24.083 34.986 38.210 89.627 54.083 81.841 66.648 60.926 55.902 78.568 51.039 50.329 17.464 51.478 54.489 39.408 47.434 83.241 78.262 46.043 61.033 82.765 28.844 21.401 43.932 20.224 48.094 86.608 47.424 34.015 32.202 60.465 43.909 33.121 8.246 73.348 28.071 24.000 20.518 65.299 50.040 68.411 43.417 69.181 53.759 50.000 20.616 87.459 53.339 30.480 41.485 32.016 65.115 33.971 51.088 33.136 71.568 78.447 29.069 36.674 22.561 54.562 82.735 30.806 32.757 22.000 65.460 12.806 55.714 11.180 7.810 19.026 31.048 46.872 49.729 58.464 73.348 44.777 49.244 52.802 60.407 38.288 32.016 7.071 73.055 41.725 50.931 60.000 24.166 26.019 62.362 20.224 52.697 54.083 61.685 77.827 39.051 34.525 53.000 24.515 60.008 38.000 43.909 33.015 70.661 48.104 30.265 55.579 31.016 47.707 
67.956 42.942 27.659 54.781 73.980 39.850 32.280 59.076 85.884 24.021 29.833 84.345 75.240 84.404 40.224 0.000 10.770 37.336 16.401 77.473 61.612 29.155 9.434 29.411 34.059 40.200 24.352 45.222 38.079 43.966 25.456 55.731 20.224 66.038 80.777 36.125 71.400 55.471 56.921 16.125 62.201 64.761 67.186 84.024 67.543 38.601 92.439 33.242 80.498 23.770 63.789 83.199 59.908 32.016 76.295 33.106 74.000 67.624 86.833 78.160 88.408 55.543 56.080 80.777 62.129 38.626 44.407 38.588 19.235 70.036 11.402 42.000 48.374 18.439 18.028 69.721 86.556 85.988 68.884 42.638 75.928 48.260 64.382 34.655 38.013 17.029 29.120 58.830 14.318 39.294 62.241 51.478 67.543 85.000 33.422 42.379 82.024 97.417 17.117 83.433 81.860 71.589 54.489 46.174 60.407 55.902 50.359 81.541 68.797 49.254 37.537 71.610 49.010 50.990 17.205 29.069 25.000 79.404 55.036 33.838 19.925 73.007 5.099 49.366 43.841 40.025 25.495 61.465 20.616 25.962 79.310 33.377 12.530 40.249 86.833 53.460 59.942 85.493 26.249 10.440 66.731 41.773 46.755 8.000 11.662 31.623 55.317 62.290 62.682 7.000 30.083 49.649 72.670 70.036 27.514 25.495 63.569 45.541 91.837 29.206 42.953 32.249 25.962 62.394 18.028 26.000 34.205 45.398 83.528 89.811 92.136 52.612 13.153 34.059 59.203 53.151 12.649 89.320 56.515 23.087 48.260 56.648 67.119 82.638 97.350 69.116 32.388 40.522 13.000 59.775 89.694 36.249 82.134 52.154 62.650 13.416 29.833 88.119 22.091 63.388 
59.481 35.440 24.597 48.052 65.000 32.249 39.825 49.010 75.180 14.866 19.235 75.432 68.096 73.756 31.780 10.770 0.000 30.232 23.770 66.708 51.225 18.601 18.028 21.190 31.048 46.174 13.601 34.828 31.401 36.235 23.409 51.010 10.050 57.697 74.813 42.059 62.434 47.760 50.636 8.485 53.339 54.129 56.515 74.243 60.745 39.115 81.835 22.561 73.783 16.401 53.339 72.567 54.231 37.643 67.446 26.306 66.212 56.859 78.435 67.446 78.102 44.777 52.469 72.450 52.000 32.249 35.440 33.242 26.420 59.540 11.045 47.074 46.819 8.000 19.000 59.304 76.420 75.538 59.641 33.615 65.795 43.139 54.083 25.000 28.443 8.602 30.000 53.151 17.464 28.636 55.082 49.980 56.798 78.492 29.682 50.120 72.028 87.006 24.187 74.947 71.113 61.000 44.598 38.471 51.196 45.398 41.231 74.303 63.127 40.025 35.341 66.483 46.325 46.000 14.560 18.358 21.471 73.410 45.398 35.000 21.932 63.198 12.728 47.760 34.205 43.012 15.033 54.571 15.133 33.615 68.542 37.336 21.095 40.792 76.158 44.385 52.202 78.390 25.000 9.220 55.973 41.146 43.012 10.770 22.361 32.802 51.225 58.412 52.202 5.000 19.313 42.059 67.268 60.440 29.069 14.765 55.902 39.319 81.400 20.616 35.903 28.636 27.019 52.086 19.000 28.000 41.593 36.401 72.945 79.511 81.394 42.190 15.000 25.060 54.489 43.000 23.409 78.549 51.088 12.369 43.139 50.010 57.000 71.868 86.839 63.253 23.770 40.817 21.932 53.600 78.924 38.288 72.125 50.000 56.400 16.492 30.232 77.414 12.166 53.085 
70.029 53.160 14.866 65.734 38.013 3.162 47.539 28.844 67.007 16.279 20.881 48.042 38.013 57.428 47.539 37.336 30.232 0.000 53.226 56.851 51.245 29.732 46.615 41.146 57.428 47.434 24.187 39.051 2.000 7.000 17.720 72.801 21.932 69.000 44.688 44.418 70.456 62.650 69.123 21.954 63.032 39.598 42.426 50.220 30.529 67.941 75.213 22.204 43.566 13.892 36.235 56.036 73.763 40.706 40.012 47.854 36.688 48.260 49.820 53.151 75.591 38.484 76.059 43.738 31.906 53.310 11.402 7.280 38.471 42.202 26.683 45.453 73.498 24.042 25.080 41.049 75.644 56.356 66.611 46.690 66.129 14.866 35.228 38.328 12.369 21.633 59.414 23.431 29.000 23.195 70.711 76.551 49.396 48.260 12.042 55.946 49.336 82.680 37.216 46.530 61.847 44.822 50.249 9.055 25.710 30.480 16.553 44.283 33.242 16.125 18.028 37.014 71.694 67.779 21.213 27.514 15.133 43.278 22.825 64.351 52.010 39.850 34.928 74.330 44.181 36.770 20.591 71.021 41.869 43.681 58.138 36.056 49.769 28.601 68.600 18.974 66.370 48.301 19.313 39.408 44.822 69.029 18.000 40.817 45.541 62.241 24.042 31.016 50.922 30.871 25.000 12.369 37.537 65.307 58.796 26.833 26.249 59.464 77.175 39.812 54.708 54.644 56.639 33.601 25.080 27.313 48.332 12.207 67.417 76.942 71.505 27.019 45.222 41.110 25.942 24.759 47.854 66.483 71.470 23.854 14.866 67.683 36.235 60.108 81.271 33.242 8.544 69.426 40.012 72.035 67.179 67.941 72.801 75.802 26.249 29.017 59.397 69.029 19.849 34.409 
68.622 43.278 44.045 52.631 88.769 55.543 41.195 72.339 93.920 38.601 42.107 99.202 91.236 95.525 42.720 16.401 23.770 53.226 0.000 86.585 68.154 38.328 7.071 33.106 28.302 50.804 36.056 52.498 54.120 59.615 41.773 50.090 33.734 66.483 97.098 47.074 73.110 55.154 53.824 31.385 64.031 76.164 78.313 97.739 83.648 27.074 99.539 45.011 96.649 39.395 76.000 94.430 55.570 43.681 91.214 33.601 89.694 76.903 102.142 88.814 93.941 65.115 48.703 96.135 75.240 37.483 59.203 54.918 30.676 82.024 27.803 53.600 38.639 31.575 33.971 82.000 91.417 98.046 71.400 46.141 81.006 64.637 77.058 40.497 52.173 31.953 18.682 75.166 29.833 51.000 60.440 41.437 76.400 101.213 49.820 50.010 95.336 103.310 29.155 98.671 90.521 83.150 59.481 61.847 74.953 68.000 65.000 97.509 85.147 63.789 53.740 88.006 40.804 46.141 33.601 39.115 41.400 95.718 69.051 22.091 11.402 86.701 20.518 39.623 48.754 53.712 38.328 59.203 22.847 35.511 88.527 46.615 4.472 55.471 94.578 68.154 59.414 101.518 42.426 16.000 76.942 31.401 63.127 13.153 16.279 20.224 71.701 78.645 69.642 22.361 41.012 65.391 89.051 73.498 16.492 36.014 79.310 43.278 97.944 33.615 42.450 27.803 16.155 75.060 33.971 41.049 43.186 60.166 90.620 95.294 100.578 65.031 11.402 38.484 75.604 66.272 14.036 98.717 51.971 35.128 64.637 54.203 80.225 92.195 103.788 85.440 47.434 29.069 23.409 56.303 98.955 23.087 86.608 42.953 78.892 29.069 19.925 96.135 35.903 76.059 
42.802 51.478 70.007 54.781 43.046 54.203 101.213 30.463 10.296 56.859 48.374 47.539 61.033 15.556 48.042 77.473 66.708 56.851 86.585 0.000 21.587 48.703 83.169 54.452 69.065 103.276 53.226 34.366 58.412 52.697 72.180 66.483 58.181 43.829 73.027 99.825 38.210 48.466 57.775 64.140 38.949 17.889 15.232 35.468 60.828 82.219 18.788 44.777 67.007 60.605 22.472 15.620 62.169 95.671 45.177 57.009 55.009 9.849 54.571 9.849 23.022 21.932 72.450 52.469 28.460 57.219 45.804 63.600 89.308 19.105 72.719 101.833 78.854 59.481 76.400 21.095 25.495 22.804 34.828 44.045 22.204 65.765 25.000 46.530 45.967 62.769 79.057 65.460 78.492 39.115 52.839 80.523 10.198 71.113 68.768 110.752 31.016 27.203 87.367 51.971 5.000 16.031 31.575 52.479 39.560 26.401 42.544 63.127 69.231 42.190 74.813 74.148 74.216 63.891 70.214 48.466 68.680 72.062 36.674 82.006 77.929 32.062 78.715 79.076 40.000 93.509 52.839 54.589 64.133 96.021 2.000 91.935 85.726 85.428 12.083 42.048 48.301 66.370 74.277 71.169 12.042 79.630 71.694 74.632 89.051 81.006 73.007 77.162 19.416 71.113 47.424 52.773 72.835 30.480 80.156 52.000 53.151 57.271 22.361 53.600 53.600 67.007 78.230 25.632 76.400 82.134 102.450 45.222 13.000 24.000 15.000 29.833 75.186 49.254 71.169 32.450 90.078 12.166 62.769 54.562 65.765 55.543 27.295 6.083 25.080 68.066 53.075 82.389 87.321 59.034 12.369 86.023 26.000 77.885 63.063 77.936 78.026 12.207 56.939 25.298 
24.698 30.067 61.294 33.541 53.226 49.477 89.275 34.205 26.306 45.222 35.805 60.745 68.680 35.777 27.166 61.612 51.225 51.245 68.154 21.587 0.000 32.650 65.765 35.114 48.042 93.231 38.897 16.401 53.160 49.649 62.769 45.188 44.598 25.000 80.281 89.404 22.136 27.295 36.715 50.990 19.105 24.698 24.207 50.990 65.924 61.008 31.385 32.450 75.286 49.930 29.069 35.355 41.340 85.000 55.902 36.497 63.246 15.000 67.231 28.653 26.907 14.036 51.078 63.506 34.176 36.000 42.426 58.523 76.381 30.610 59.414 92.650 57.271 45.255 64.815 32.202 25.612 41.881 18.028 23.195 15.264 63.789 32.202 27.731 38.897 49.578 58.549 67.000 65.856 28.636 32.650 58.941 13.038 80.006 61.847 99.358 46.690 35.805 74.250 64.008 24.021 29.000 10.050 50.359 44.147 26.476 42.000 72.450 73.437 41.012 68.710 78.409 52.631 42.379 58.412 33.242 59.169 79.076 38.328 61.131 58.523 43.566 63.891 57.489 19.647 85.475 39.825 34.205 45.310 83.487 23.537 82.377 67.978 78.791 26.683 43.105 27.803 76.322 65.000 53.712 19.105 58.215 68.659 57.306 73.239 60.299 72.443 78.102 2.236 56.080 33.302 52.086 77.647 15.133 59.841 36.797 57.871 35.693 30.232 34.540 32.140 46.174 58.052 31.385 64.815 72.111 90.785 42.297 22.472 28.320 33.242 28.071 56.859 29.732 72.062 32.140 73.783 33.136 41.593 40.311 63.789 34.482 36.235 27.659 35.847 72.560 44.777 61.074 73.000 38.275 33.061 65.069 21.954 56.321 66.189 65.115 57.428 28.443 44.045 31.780 
43.681 23.537 33.242 36.346 55.073 29.967 57.201 36.056 56.798 16.031 8.944 65.299 62.936 57.219 18.111 29.155 18.601 29.732 38.328 48.703 32.650 0.000 34.482 12.042 29.833 62.177 7.280 16.279 31.623 32.757 33.734 43.081 13.000 42.202 72.007 58.181 45.695 34.015 39.623 19.235 37.000 38.000 40.050 61.400 56.851 42.190 63.285 9.220 69.354 21.095 38.328 56.143 44.147 53.712 57.801 18.601 59.548 38.897 69.642 50.488 59.548 26.926 46.530 64.070 38.601 23.707 28.320 35.903 44.045 44.102 27.203 62.241 45.277 13.038 33.541 44.283 57.983 60.033 42.485 18.111 47.381 44.598 39.812 9.000 20.616 17.889 35.468 52.355 33.838 13.928 42.000 48.166 38.626 74.330 36.014 67.424 58.464 68.411 41.869 66.038 52.924 45.000 26.627 34.670 41.340 30.414 32.650 68.622 61.587 31.241 43.000 65.863 42.802 38.079 27.313 2.236 30.414 70.605 34.482 39.812 31.257 50.596 31.241 46.011 17.088 56.321 10.000 42.048 17.464 51.225 50.596 52.000 37.108 51.478 57.706 35.609 38.118 72.863 35.903 22.561 38.639 42.012 47.074 25.962 40.817 38.079 53.759 60.745 33.601 23.431 5.000 38.013 66.038 42.720 35.735 4.472 50.210 29.732 62.801 10.630 25.000 27.019 33.526 37.855 33.541 41.785 58.822 29.000 54.378 60.959 63.159 27.893 27.074 11.402 55.543 30.083 41.593 60.729 41.761 8.544 44.598 38.328 43.417 54.120 68.242 61.294 21.190 43.267 40.361 42.579 61.033 43.863 53.814 47.011 54.083 33.015 34.928 59.034 13.342 38.833 
68.768 43.278 37.014 53.852 82.765 49.041 36.014 67.030 91.000 32.558 37.054 93.172 84.581 91.241 41.773 9.434 18.028 46.615 7.071 83.169 65.765 34.482 0.000 31.401 30.676 45.177 31.145 49.659 47.424 53.141 34.713 52.811 28.071 66.708 90.211 41.304 72.835 55.606 55.471 25.000 63.640 71.701 73.980 92.266 76.922 32.140 97.046 40.200 89.894 32.894 71.176 90.094 57.775 37.656 85.147 33.302 83.217 73.376 95.880 84.723 92.114 61.400 52.173 89.844 70.007 38.013 53.151 48.021 24.515 77.318 20.809 47.676 43.046 26.019 26.907 77.162 89.872 93.343 70.767 44.822 79.322 57.689 72.028 38.079 46.390 25.710 23.000 68.264 22.804 46.271 61.587 46.011 73.055 94.414 42.802 45.398 90.050 101.356 22.804 92.445 87.316 78.638 57.689 55.362 69.051 63.198 59.034 90.874 78.230 57.871 46.669 81.025 44.553 48.466 26.627 34.928 34.409 88.837 63.388 27.166 14.142 81.222 13.454 44.045 46.872 47.170 33.000 60.539 21.260 30.017 85.071 40.162 3.162 48.549 91.788 62.169 60.000 94.847 35.355 12.083 73.007 36.000 56.080 8.544 11.180 25.080 64.661 71.589 67.082 15.811 36.497 58.873 82.098 72.471 21.024 31.575 72.801 44.418 95.880 31.623 42.802 29.547 20.025 70.029 26.907 34.132 38.013 54.129 88.102 93.493 97.499 60.075 10.000 36.620 68.600 61.008 9.849 95.210 54.231 30.067 57.689 55.570 75.007 88.600 101.597 78.549 41.231 34.132 17.263 58.138 95.509 28.862 85.212 47.170 72.069 22.023 24.021 93.231 30.150 71.028 
38.588 14.318 42.190 27.166 66.573 41.677 60.836 46.957 61.131 25.962 20.809 76.662 74.967 65.123 10.817 29.411 21.190 41.146 33.106 54.452 35.114 12.042 31.401 0.000 18.028 67.357 17.088 20.100 42.953 44.654 42.012 32.016 21.213 36.715 84.024 63.246 42.012 26.571 30.017 26.019 32.802 46.872 48.508 71.868 68.884 30.871 66.483 21.213 81.394 30.594 48.083 64.195 34.059 58.822 69.340 6.708 71.505 45.100 81.271 58.034 60.902 34.059 34.928 75.802 49.244 12.369 40.361 46.819 47.424 53.367 32.016 68.154 33.242 20.025 39.623 53.852 58.523 68.884 39.623 13.454 48.021 55.946 49.980 8.000 32.650 25.000 25.318 64.140 38.601 25.239 33.956 36.125 44.283 86.371 45.891 71.113 68.622 70.235 45.188 77.666 58.052 53.759 26.420 46.615 53.009 40.497 44.598 80.623 73.498 43.186 52.612 77.698 30.806 26.926 34.132 14.213 39.115 82.620 46.043 29.120 23.537 61.327 33.121 33.971 15.652 63.506 20.616 33.541 10.296 54.562 56.436 58.249 33.287 60.008 61.685 47.508 31.016 84.865 44.000 19.799 46.043 30.232 57.871 23.345 40.361 27.659 65.000 72.090 36.688 26.000 17.029 50.000 77.936 41.110 26.077 14.318 62.241 19.105 64.846 1.414 15.033 15.264 24.021 48.104 39.623 48.508 62.650 41.037 57.585 62.266 67.912 38.484 21.954 5.385 67.082 41.183 40.311 66.611 31.257 17.720 55.946 29.155 53.852 60.299 70.682 73.239 32.650 31.765 42.190 33.015 66.753 33.242 53.824 35.000 66.030 37.643 24.515 63.325 22.561 49.041 
41.881 18.439 55.362 24.759 84.599 58.412 65.924 64.885 74.243 41.340 38.184 94.668 92.655 81.216 21.024 34.059 31.048 57.428 28.302 69.065 48.042 29.833 30.676 18.028 0.000 74.243 33.422 35.903 59.076 61.717 54.406 22.136 35.847 39.661 101.316 70.178 47.011 28.302 25.612 38.626 38.484 63.891 65.253 89.554 86.313 13.342 78.262 39.051 98.995 45.177 65.552 80.411 27.295 66.068 87.367 12.649 89.376 60.407 99.298 73.980 70.880 50.448 22.023 93.814 67.082 12.166 58.000 62.266 53.235 70.520 41.593 76.026 16.125 34.000 49.649 71.169 67.676 85.615 46.098 25.020 57.974 71.868 67.624 25.080 50.210 38.079 11.662 80.802 47.170 43.267 32.527 19.235 59.211 103.947 60.008 75.710 86.163 80.362 51.157 95.692 72.007 70.605 38.118 63.781 71.028 58.181 62.482 98.412 90.427 61.074 66.129 94.403 15.297 17.889 45.607 31.890 52.202 99.905 64.070 13.153 17.000 79.158 39.013 17.000 29.155 73.335 37.014 31.145 16.155 59.682 71.063 67.067 30.871 71.805 74.431 65.437 32.202 102.650 56.045 24.021 62.169 12.207 72.897 26.077 41.761 12.649 80.623 87.818 50.010 34.366 34.713 67.268 94.810 49.041 13.601 31.145 79.931 15.811 75.432 19.416 16.763 2.828 12.728 65.795 49.649 58.549 67.897 58.728 69.721 72.125 81.222 56.356 21.378 21.541 83.217 59.169 40.497 81.006 23.707 33.601 71.868 26.173 71.589 75.107 81.492 90.272 49.204 13.928 46.530 28.018 81.000 17.029 62.626 18.974 83.096 46.174 10.296 76.322 37.736 66.708 
105.309 81.609 33.302 94.112 81.933 50.478 10.296 76.276 113.137 48.010 57.428 90.521 73.682 104.862 77.833 40.200 46.174 47.434 50.804 103.276 93.231 62.177 45.177 67.357 74.243 0.000 55.073 77.698 46.325 53.339 31.113 95.885 49.244 103.619 73.027 4.123 107.787 93.920 96.540 42.942 98.899 86.683 89.499 95.854 65.924 77.318 120.967 60.803 76.105 43.417 83.600 103.470 99.825 8.544 83.169 72.277 75.710 94.048 89.822 100.424 119.633 82.879 96.255 84.172 79.322 78.102 58.822 42.059 21.024 89.627 35.468 4.472 88.023 49.193 28.653 88.482 118.811 103.586 104.657 79.310 108.467 45.880 82.662 70.264 57.315 44.294 68.118 54.745 28.792 65.299 101.242 91.049 94.795 79.000 35.511 10.000 95.708 127.664 23.087 87.321 108.208 92.201 88.685 54.589 72.007 77.337 63.812 79.404 62.073 63.514 31.385 62.032 89.051 91.082 34.986 60.902 34.655 72.007 70.178 72.339 59.034 86.313 35.355 89.022 79.158 13.038 53.535 100.688 60.208 15.297 104.738 11.402 46.530 22.361 114.560 65.863 98.351 82.152 29.000 50.488 91.285 81.099 40.025 48.166 34.525 70.257 46.174 50.040 93.600 41.485 60.208 56.365 64.008 104.809 66.189 57.706 66.761 85.147 122.025 66.731 82.006 72.443 65.069 81.025 28.653 21.260 8.602 59.641 112.610 121.037 118.191 73.756 53.038 70.937 51.157 72.007 36.878 113.569 96.509 53.712 45.880 96.047 83.528 107.056 126.732 63.127 50.210 79.310 28.018 99.464 114.215 73.824 115.109 92.000 59.841 29.732 69.065 115.261 49.396 81.841 
50.961 30.150 26.077 43.105 53.852 25.000 50.448 36.346 61.911 9.055 6.083 64.257 59.666 60.208 25.000 24.352 13.601 24.187 36.056 53.226 38.897 7.280 31.145 17.088 33.422 55.073 0.000 22.804 25.942 28.320 26.476 49.041 5.831 49.477 67.941 51.108 52.924 41.110 46.271 12.207 44.272 40.608 42.953 61.814 53.038 44.688 68.819 9.055 65.856 14.000 40.050 59.034 50.636 46.648 56.462 23.770 56.859 43.382 67.978 53.852 65.765 31.305 52.000 62.177 39.205 29.411 25.239 29.732 37.483 46.174 20.518 55.036 49.406 6.403 26.420 46.043 64.444 62.201 49.659 25.318 53.907 38.910 41.012 16.125 17.493 10.817 36.892 47.434 27.019 15.133 49.041 52.431 43.417 70.767 29.155 60.605 59.304 74.411 35.355 64.405 57.706 47.518 33.615 30.414 39.925 32.062 30.414 65.605 57.009 29.069 36.056 61.033 47.508 43.966 20.125 5.831 23.195 66.528 33.526 41.617 31.016 50.804 25.554 50.220 24.352 49.041 3.606 49.000 18.601 44.598 55.036 44.777 34.059 44.283 62.968 33.541 45.277 69.814 28.636 20.100 42.379 45.277 40.804 23.000 35.847 39.661 47.927 55.036 39.623 17.889 5.831 33.941 61.400 49.739 36.715 3.000 47.011 35.903 68.768 15.811 31.401 30.610 34.482 39.013 26.420 34.540 52.010 26.077 60.000 67.179 68.000 29.000 25.495 18.028 50.120 30.265 37.000 65.000 48.052 1.414 38.910 45.100 44.181 58.310 74.027 56.851 15.811 46.011 34.409 49.254 65.391 45.486 60.440 51.624 49.679 26.249 36.620 64.140 6.083 40.012 
31.000 20.809 46.819 30.232 52.345 38.013 73.246 31.828 41.437 29.967 20.616 61.620 64.498 45.398 15.652 45.222 34.828 39.051 52.498 34.366 16.401 16.279 49.659 20.100 35.903 77.698 22.804 0.000 41.049 39.319 47.927 40.311 28.601 30.067 75.153 73.783 31.575 25.495 33.838 35.000 24.000 28.231 29.411 54.708 60.008 49.244 47.413 17.720 71.197 34.928 30.529 44.553 38.833 69.340 55.172 23.345 59.908 25.020 67.179 38.210 43.278 14.560 45.343 62.370 33.302 25.080 32.757 46.174 60.208 34.928 43.278 77.414 48.301 29.069 49.092 35.777 41.725 49.729 27.893 12.207 31.145 53.085 33.015 12.166 27.019 33.601 45.044 58.464 49.820 16.031 33.242 50.606 24.187 76.158 48.270 83.409 51.000 52.202 58.052 63.655 38.079 34.785 11.402 40.608 40.224 24.083 34.540 69.340 66.408 33.242 55.317 71.169 44.418 36.125 42.720 17.029 44.385 73.824 33.287 48.374 43.566 45.000 47.508 48.765 7.810 70.774 24.187 34.015 29.833 67.357 36.346 67.119 52.000 64.846 42.154 36.674 28.460 73.498 50.160 37.577 26.306 47.434 57.035 41.146 56.859 47.170 62.201 68.593 17.493 39.699 17.493 43.174 70.838 27.313 46.000 20.518 52.326 27.803 46.615 19.235 23.022 33.541 44.011 31.401 49.092 56.824 74.813 32.985 38.471 44.688 48.083 23.431 41.110 15.000 62.801 27.203 57.454 46.530 37.643 24.207 53.085 31.906 37.202 40.200 52.154 65.788 31.401 49.729 56.639 36.359 46.690 52.469 37.643 48.549 58.822 49.041 44.102 43.658 28.302 32.202 
