0 35355 25632 25710 26249 18788 41000 17720 40361 75743 29682 43046 67007 11180 44045 
35355 0 32202 41725 23431 29547 7810 32311 68622 50567 27586 60605 48374 30414 29833 
25632 32202 0 49092 8944 7071 40 8062 39115 54203 7071 67897 43186 14560 21471 
25710 41725 49092 0 46325 42048 43012 42012 63246 90973 50990 19698 85493 35014 62968 
26249 23431 8944 46325 0 9487 31241 12369 47518 49820 5099 65803 40804 15620 17804 
18788 29547 7071 42048 9487 0 37121 3000 39294 58822 11314 60828 48836 7616 26249 
41000 7810 40 43012 31241 37121 0 39812 75961 53160 35355 60811 53000 37363 36401 
17720 32311 8062 42012 12369 3000 39812 0 36401 61294 13601 60407 50912 7000 28601 
40361 68622 39115 63246 47518 39294 75961 36401 0 89286 46043 75392 75611 38910 58421 
75743 50567 54203 90973 49820 58822 53160 61294 89286 0 47707 110454 15133 65437 32757 
29682 27586 7071 50990 5099 11314 35355 13601 46043 47707 0 70342 37537 18601 15000 
43046 60605 67897 19698 65803 60828 60811 60407 75392 110454 70342 0 105190 53460 82638 
67007 48374 43186 85493 40804 48836 53000 50912 75611 15133 37537 105190 0 56080 23022 
11180 30414 14560 35014 15620 7616 37363 7000 38910 65437 18601 53460 56080 0 33242 
44045 29833 21471 62968 17804 26249 36401 28601 58421 32757 15000 82638 23022 33242 0 
