0 118697 68476 56586 54489 36056 68600 47265 53852 74250 
118697 0 52802 62426 65192 113442 51856 91395 97576 45277 
68476 52802 0 19925 24042 60902 2236 56754 47676 20248 
56586 62426 19925 0 4123 60017 18439 36878 54129 17692 
54489 65192 24042 4123 0 60407 22561 32757 56045 20 
36056 113442 60902 60017 60407 0 62177 71512 22804 75584 
68600 51856 2236 18439 22561 62177 0 55317 49497 18028 
47265 91395 56754 36878 32757 71512 55317 0 77006 48260 
53852 97576 47676 54129 56045 22804 49497 77006 0 66008 
74250 45277 20248 17692 20 75584 18028 48260 66008 0 
