0 68118 27295 67201 22023 94921 63640 19416 37202 31385 75472 57706 26306 59775 32450 94005 52038 11662 47508 32558 74027 30150 52154 26926 74967 51225 62936 60166 11705 86608 81049 66219 98478 45000 61057 99298 89499 40 21541 11314 
68118 0 44911 46174 73736 67067 89275 49000 46043 39812 44181 35355 42755 17804 46530 26476 89644 58034 62936 53852 6325 73355 91214 43417 10 45607 54562 15620 57000 81320 20809 21378 58941 23345 66573 53852 73824 28284 62097 61188 
27295 44911 0 60902 43012 89359 77466 10296 35511 5099 66400 48260 17117 33377 31145 71386 70007 15652 54000 37054 51196 47854 70774 20100 50010 47760 61351 34132 15811 89499 61741 50 88527 24698 65490 87046 88391 20616 17464 26401 
67201 46174 60902 0 57871 28601 50537 56223 30 57697 10 13342 45607 58078 34828 55866 57271 63655 30017 35777 46519 51971 59228 43278 55714 16125 11180 56143 61522 35171 37483 25080 31780 41000 25060 34525 29155 42379 75604 56036 
22023 73736 43012 57871 0 82855 42202 32802 31000 45343 67446 52240 32450 70456 28284 97293 30017 30083 31401 23087 78746 8944 30150 30887 82347 42202 50537 70178 28636 69426 81498 65192 89538 50990 44598 92179 74653 46530 42953 16643 
94921 67067 89359 28601 82855 0 62000 84812 57983 85959 24042 41183 74202 82201 62936 66129 73824 92098 51894 62626 65069 75584 75802 71840 75060 43841 32450 80062 89939 28231 50804 46530 15620 68154 40522 24042 15232 70214 104202 83630 
63640 89275 77466 50537 42202 62000 0 67742 46065 77621 59615 55317 61400 94154 48466 105209 15556 69007 26627 41110 91924 33541 17029 58523 99247 43841 39357 92962 67030 37643 86839 71701 74673 72560 25495 80808 48374 70214 83006 55009 
19416 49000 10296 56223 32802 84812 67742 0 28231 12806 62936 44553 10630 40497 23409 75166 59808 9220 45277 28160 55036 37577 60539 13038 55579 41677 55009 40804 8000 82219 63325 49659 85703 26306 57489 85212 82298 21378 19416 16279 
37202 46043 35511 30 31000 57983 46065 28231 0 34015 38471 21587 18439 48260 5000 67357 43863 34409 19925 8246 50120 28160 45343 15524 55606 14142 26926 47202 32202 54120 50804 34366 61400 26627 30067 62769 54203 24166 47413 26077 
31385 39812 5099 57697 45343 85959 77621 12806 34015 0 62682 44777 16279 28636 30067 66287 71113 19925 53235 36674 46098 49396 72007 19235 45000 45354 58941 29275 19698 87476 56798 45453 84504 20 64070 82735 85703 16279 22472 29000 
75472 44181 66400 10 67446 24042 59615 62936 38471 62682 0 18385 52345 58421 43046 49204 67082 70937 40012 44944 43174 61814 69051 50329 52953 25298 20616 56321 68884 38949 31385 23000 23022 44283 34176 24739 29833 46648 82073 64498 
57706 35355 48260 13342 52240 41183 55317 44553 21587 44777 18385 0 33971 45398 25632 50249 58600 52631 30414 29155 37014 48094 60415 32016 45277 12083 19313 43566 50606 47381 32202 16401 41231 27659 31401 41593 42426 29155 63702 47011 
26306 42755 17117 45607 32450 74202 61400 10630 18439 16279 52345 33971 0 38013 14036 68066 55570 18868 37054 20396 48374 34713 56604 3000 50596 31305 44777 37736 17000 72533 54745 40162 75166 19416 48374 74887 72014 14560 30 18439 
59775 17804 33377 58078 70456 82201 94154 40497 48260 28636 58421 45398 38013 0 46861 41593 91548 48508 67602 54672 23345 72250 92849 39825 18028 52811 64327 2236 48083 92779 38601 35693 75611 21633 74330 71113 87000 24759 49041 55471 
32450 46530 31145 34828 28284 62936 48466 23409 5000 30067 43046 25632 14036 46861 0 69123 44688 29411 23195 7810 51078 26833 46011 11045 55758 19105 31906 46011 27203 58822 53235 37014 66038 25456 34366 67119 59169 22204 42485 21471 
94005 26476 71386 55866 97293 66129 105209 75166 67357 66287 49204 50249 68066 41593 69123 0 108706 84291 80623 75584 20224 95509 110476 68264 23854 62266 66603 39812 83150 87920 18439 34000 53151 49010 80281 45398 77414 54009 88527 86284 
52038 89644 70007 57271 30017 73824 15556 59808 43863 71113 67082 58600 55570 91548 44688 108706 0 59228 28231 36878 93231 22561 2000 53000 99358 46519 46530 90686 57489 51894 90802 74706 85006 70093 34000 90200 61400 66843 72691 45122 
11662 58034 15652 63655 30083 92098 69007 9220 34409 19925 70937 52631 18868 48508 29411 84291 59228 0 49041 32311 64125 36674 59666 20616 64281 48415 61294 49031 2236 87321 72533 58694 93862 35511 62032 93744 88510 30594 14142 14142 
47508 62936 54000 30017 31401 51894 26627 45277 19925 53235 40012 30414 37054 67602 23195 80623 28231 49041 0 17117 65947 23707 30083 34059 72863 18358 20396 66370 46840 39115 62610 46648 60208 46065 13601 64195 43278 44011 63063 36674 
32558 53852 37054 35777 23087 62626 41110 28160 8246 36674 44944 29155 20396 54672 7810 75584 36878 32311 17117 0 58138 19925 38210 17464 63246 19698 30414 53814 30083 55036 59034 42579 67543 33242 29732 69570 57009 30 46174 21260 
74027 6325 51196 46519 78746 65069 91924 55036 50120 46098 43174 37014 48374 23345 51078 20224 93231 64125 65947 58138 0 77878 94868 48836 10 48083 55758 21260 63032 81345 16155 21471 55731 29069 68411 50 73007 34059 68411 66753 
30150 73355 47854 51971 8944 75584 33541 37577 28160 49396 61814 48094 34713 72250 26833 95509 22561 36674 23707 19925 77878 0 23087 32527 82492 37054 43658 71701 34928 60828 78854 62370 83241 51614 36401 86493 66611 47634 50249 22561 
52154 91214 70774 59228 30150 75802 17029 60539 45343 72007 69051 60415 56604 92849 46011 110476 2000 59666 30083 38210 94868 23087 0 54083 100896 48332 48508 92022 57974 53712 92612 76479 87006 71449 36000 92195 63325 68118 72993 45607 
26926 43417 20100 43278 30887 71840 58523 13038 15524 19235 50329 32016 3000 39825 11045 68264 53000 20616 34059 17464 48836 32527 54083 0 51624 28653 42048 39408 18601 69642 54332 39294 73246 20248 45398 73246 69318 15652 32450 18028 
74967 10 50010 55714 82347 75060 99247 55579 55606 45000 52953 45277 50596 18028 55758 23854 99358 64281 72863 63246 10 82492 100896 51624 0 55606 64413 16492 63506 90758 25710 30676 65620 31385 76551 59666 82765 36056 66483 68964 
51225 45607 47760 16125 42202 43841 43841 41677 14142 45354 25298 12083 31305 52811 19105 62266 46519 48415 18358 19698 48083 37054 48332 28653 55606 0 13601 51264 46228 42297 44283 28302 47854 32388 21541 50 40719 32000 61057 40 
62936 54562 61351 11180 50537 32450 39357 55009 26926 58941 20616 19313 44777 64327 31906 66603 46530 61294 20396 30414 55758 43658 48508 42048 64413 13601 0 62586 59076 29017 48166 34409 39812 45011 13892 44011 27295 45177 74303 51624 
60166 15620 34132 56143 70178 80062 92962 40804 47202 29275 56321 43566 37736 2236 46011 39812 90686 49031 66370 53814 21260 71701 92022 39408 16492 51264 62586 0 48508 90934 36401 33541 73389 20616 72801 68877 85006 24083 50160 55462 
11705 57000 15811 61522 28636 89939 67030 8000 32202 19698 68884 50606 17000 48083 27203 83150 57489 2236 46840 30083 63032 34928 57974 18601 63506 46228 59076 48508 0 85088 71063 57009 91831 34234 59808 91810 86284 29275 16279 12369 
86608 81320 89499 35171 69426 28231 37643 82219 54120 87476 38949 47381 72533 92779 58822 87920 51894 87321 39115 55036 81345 60828 53712 69642 90758 42297 29017 90934 85088 0 70328 60083 43417 74000 25554 51313 13000 74169 101020 75664 
81049 20809 61741 37483 81498 50804 86839 63325 50804 56798 31385 32202 54745 38601 53235 18439 90802 72533 62610 59034 16155 78854 92612 54332 25710 44283 48166 36401 71063 70328 0 16492 40112 37336 61847 33956 60539 42059 79202 72173 
66219 21378 50 25080 65192 46530 71701 49659 34366 45453 23000 16401 40162 35693 37014 34000 74706 58694 46648 42579 21471 62370 76479 39294 30676 28302 34409 33541 57009 60083 16492 0 40706 25495 47424 37643 52469 29411 67119 56719 
98478 58941 88527 31780 89538 15620 74673 85703 61400 84504 23022 41231 75166 75611 66038 53151 85006 93862 60208 67543 55731 83241 87006 73246 65620 47854 39812 73389 91831 43417 40112 40706 0 65215 51010 8602 30529 68250 104661 87464 
45000 23345 24698 41000 50990 68154 72560 26306 26627 20 44283 27659 19416 21633 25456 49010 70093 35511 46065 33242 29069 51614 71449 20248 31385 32388 45011 20616 34234 74000 37336 25495 65215 0 53600 62968 70036 5000 42059 37855 
61057 66573 65490 25060 44598 40522 25495 57489 30067 64070 34176 31401 48374 74330 34366 80281 34000 62032 13601 29732 68411 36401 36000 45398 76551 21541 13892 72801 59808 25554 61847 47424 51010 53600 0 56321 30232 52612 75895 50120 
99298 53852 87046 34525 92179 24042 80808 85212 62769 82735 24739 41593 74887 71113 67119 45398 90200 93744 64195 69570 50 86493 92195 73246 59666 50 44011 68877 91810 51313 33956 37643 8602 62968 56321 0 38601 66483 103711 88566 
89499 73824 88391 29155 74653 15232 48374 82298 54203 85703 29833 42426 72014 87000 59169 77414 61400 88510 43278 57009 73007 66611 63325 69318 82765 40719 27295 85006 86284 13000 60539 52469 30529 70036 30232 38601 0 71063 101597 78243 
40 28284 20616 42379 46530 70214 70214 21378 24166 16279 46648 29155 14560 24759 22204 54009 66843 30594 44011 30 34059 47634 68118 15652 36056 32000 45177 24083 29275 74169 42059 29411 68250 5000 52612 66483 71063 0 37736 32985 
21541 62097 17464 75604 42953 104202 83006 19416 47413 22472 82073 63702 30 49041 42485 88527 72691 14142 63063 46174 68411 50249 72993 32450 66483 61057 74303 50160 16279 101020 79202 67119 104661 42059 75895 103711 101597 37736 0 28000 
11314 61188 26401 56036 16643 83630 55009 16279 26077 29000 64498 47011 18439 55471 21471 86284 45122 14142 36674 21260 66753 22561 45607 18028 68964 40 51624 55462 12369 75664 72173 56719 87464 37855 50120 88566 78243 32985 28000 0 
