0 34059 45044 42450 24352 65924 43012 50090 65000 67119 69635 30480 93680 30150 57706 90802 48094 50567 69007 5657 19313 27019 37656 59414 16971 54489 81320 76295 95964 55227 79511 31623 47508 49041 55579 69893 75505 106231 74813 68964 65000 27893 87281 54148 79177 91066 51478 46174 93862 34886 44553 25962 85212 21190 16553 88091 60745 82620 37736 57428 99282 70803 51478 87693 64885 6083 84172 88685 74330 20616 80604 79850 59615 62201 28178 41773 41400 77782 39812 12530 69116 89872 39825 73376 68250 31575 47011 8602 63008 84095 88204 35228 79630 66370 46065 59933 96042 4243 90449 39699 
34059 0 33242 9487 18028 39013 72125 23345 79831 71589 94260 49041 68000 61327 29017 65000 76400 72007 53235 28425 30083 57775 69354 49578 17205 65521 90471 54342 98005 39115 86313 17889 14866 38897 47381 74303 66219 107448 88323 44407 79831 55082 67720 38833 79202 92005 53235 45651 99126 7810 71589 53160 70661 33061 50220 99960 35355 88193 11662 87920 96897 85376 43932 66708 64637 31385 81394 75664 82855 31064 70803 76420 81006 68942 9055 57315 59076 66287 45222 21932 51894 99925 51788 48166 59548 63506 67007 35805 78447 82219 68964 63600 67417 96462 67007 32000 96830 38288 70093 56143 
45044 33242 0 30414 22804 28018 62936 20 54332 40522 76158 35355 51000 57689 25710 48374 65299 53666 24021 41049 54406 54378 65000 16643 34482 39319 60415 32311 65192 10440 55362 17000 30364 5657 14142 43012 33615 74404 61008 27659 54332 47802 42297 9220 46325 59076 23087 16031 67119 41012 59666 46615 40792 26571 54708 70859 22472 56648 22204 78645 63655 59076 10817 42953 32202 39115 48166 44922 52953 25962 38471 43186 61098 39319 39408 37121 40311 34540 21024 40025 24083 69857 30414 32016 26627 60745 48301 52086 53600 49041 43186 55227 36056 85604 49244 25632 63820 48260 45541 37216 
42450 9487 30414 0 22472 30265 78000 15652 81394 70576 98311 53151 59076 68096 20100 56080 81933 75664 47202 36797 39560 64498 76158 45607 25495 66611 90139 46487 95525 33941 85440 19026 5385 35847 44102 73164 61522 104561 89269 36139 81394 60926 60166 33971 76662 89359 52498 44922 97509 15133 76844 59093 64351 37643 58138 100170 27203 86925 9055 94021 93236 86701 41183 58822 62610 39051 78006 69635 82565 35735 65795 73007 84380 68680 18439 60075 62290 60959 46271 30806 45486 99624 54000 39623 55317 70491 70456 44944 80225 79057 61465 69462 61847 102318 70711 23195 94032 46690 62298 59211 
24352 18028 22804 22472 0 41629 55543 26077 62097 55803 76420 31145 69376 46043 33838 66483 59464 54037 46530 19416 31623 42438 54083 39000 11705 48104 73824 52345 83487 32140 70178 7280 26420 27857 35777 58600 55946 93338 70838 44643 62097 38484 64008 31257 65069 77782 37643 30414 83600 24042 54406 36674 63561 15297 37802 82855 36401 72422 15000 71589 84024 67720 31765 64070 50210 19235 68411 67720 66242 13342 60926 63600 63000 52479 19723 39319 41049 57245 28178 17263 46174 83187 33956 49041 48754 48600 49000 30150 60638 68884 65031 47011 58822 79850 49041 35847 82735 28231 67007 38118 
65924 39013 28018 30265 41629 0 90686 16279 80081 62201 103755 63127 29017 84386 10198 26019 93236 81492 25298 60745 68359 80920 92022 32062 50695 65460 82055 17804 80281 20881 76000 34438 25710 29547 33541 64070 42059 87596 85329 7071 80081 74967 31623 22136 62650 73980 48083 42544 84853 45398 87618 73593 39205 52010 78892 93134 5657 76105 29428 106527 74465 84172 33526 29530 52038 60836 61131 45000 75240 50804 44777 56515 88566 62968 48000 65000 68264 39395 48877 56754 22472 91000 58310 9487 38471 87321 76158 70880 79699 62817 33015 82759 39357 113600 77175 7071 77885 69857 33121 65192 
43012 72125 62936 78000 55543 90686 0 78492 39051 55326 28653 27586 112614 13601 86023 110259 5385 20224 80994 47096 61522 16125 10 68264 56089 39459 58694 93408 79630 72250 60531 60415 81860 63127 64351 57140 78186 89269 47760 90521 39051 17088 99479 70838 69260 77104 50990 51865 73756 75505 6083 18974 91788 40706 29120 60415 85041 64498 70214 16125 88006 43324 61612 101548 60166 42297 76531 92698 54452 42485 82541 74148 25060 49366 69051 29547 26000 82462 43600 54231 82662 64257 34986 94795 72498 13892 22091 48662 36878 75326 99850 8544 84694 24352 20100 87006 81302 40200 103078 28178 
50090 23345 20 15652 26077 16279 78492 0 74243 60017 94868 51478 45177 70767 7810 42190 81633 72111 31890 44777 52154 67209 78645 32202 34482 59211 80062 31048 82765 19723 74733 19209 12728 24331 31623 62370 47011 91302 81006 21095 74243 62008 44598 20125 64078 76485 43046 36014 85703 30364 76158 60440 48826 38288 63820 90670 12042 75690 13153 94578 79322 79057 29614 43417 50961 45277 64498 54203 72691 36797 50990 59540 80081 59211 32140 55660 58523 45967 40025 40522 30 89443 49041 25000 41340 73553 66731 54708 73437 65765 45880 70214 46690 102215 67417 9849 80951 54120 46840 55362 
65000 79831 54332 81394 62097 80081 39051 74243 0 22672 28844 34670 93193 47413 79906 91586 36222 18974 60902 66038 83762 47170 48384 49244 69462 15033 19647 75180 41012 59203 22023 62650 83054 50990 46819 23022 50931 50359 9899 76896 0 40608 76059 57974 34438 39319 32016 38328 34713 86128 32985 41869 65054 48847 59034 23345 75186 26019 72339 46271 50636 5831 46573 79202 32016 60745 42048 63891 16125 50695 53814 41340 16279 18601 81271 23707 23601 55902 35128 71120 63530 26077 28160 80231 48010 49659 19416 73246 2236 40311 75928 38910 58000 48083 21095 79429 43046 64537 79511 25554 
67119 71589 40522 70576 55803 62201 55326 60017 22672 0 51400 38626 71589 59414 64195 70214 54129 36139 40162 66219 83630 57871 63000 30150 65856 16000 20100 54424 28844 42012 14866 53712 70880 35693 29017 2828 28425 39115 24166 57871 22672 50010 53824 41049 14000 24166 18358 25942 27803 78892 49497 50448 42450 46861 66731 31000 58009 16643 61847 66098 33734 24413 30414 57140 10440 61612 21213 41231 13038 48166 31145 19313 37590 6000 75452 28636 31257 33422 28284 69311 43012 29428 27731 60638 26401 62290 33242 75717 23601 20025 53600 52038 35468 69354 35228 63032 29069 68096 57201 30806 
69635 94260 76158 98311 76420 103755 28653 94868 28844 51400 0 45277 120254 42048 101592 118406 23324 22804 87618 72835 88769 44011 38013 75213 80056 39825 44385 101607 66708 83241 49041 79429 101203 74243 72111 51865 79310 74673 32280 101710 28844 41773 103966 81884 63135 66408 56859 61294 58694 99005 25298 43738 93509 61205 57385 41000 98412 52811 89627 24597 77795 29155 70831 106888 60141 67602 70711 92617 43863 63198 82462 70178 15264 46755 93022 39217 36401 84220 55154 79511 90 46043 45880 105475 75690 42544 28160 76243 27803 68884 103947 34785 86371 22091 27659 101769 69376 67446 107490 39560 
30480 49041 35355 53151 31145 63127 27586 51478 34670 38626 45277 0 85446 24042 58830 83006 30232 23022 54562 31385 49092 21378 30414 42154 35903 24413 50990 66287 67082 44822 49649 34482 56321 35805 38079 41231 54589 77369 44407 62968 34670 13601 73410 43417 51923 62769 27074 25632 64070 54148 24698 13153 67186 16000 28160 57628 57489 53000 44643 43417 72125 40497 34886 75133 39205 26077 58052 69051 44204 18000 59414 54452 32140 33106 48508 11314 11180 58249 17088 36770 55946 59414 11180 67268 48052 27203 18248 38897 32757 57489 73926 20 60415 50774 18028 59641 67624 30480 76968 9220 
93680 68000 51000 59076 69376 29017 112614 45177 93193 71589 120254 85446 0 108559 39013 3000 114215 99725 32650 88769 97329 105309 115663 45277 79246 80430 88955 19209 79630 40817 82280 62097 54231 49649 48795 72450 44011 84006 95713 24739 93193 98478 19235 42190 66098 73980 63702 60959 86683 74169 108577 97417 32388 77389 105309 99960 33377 80957 58310 127664 70007 95880 51088 15297 61400 88233 61392 37054 83672 76557 43417 58241 105119 74626 77006 84220 87784 39217 69029 85329 30414 96462 77987 20396 45277 111647 94752 99247 93477 63561 20100 105437 37643 133690 96177 36000 76420 97417 17000 85041 
30150 61327 57689 68096 46043 84386 13601 70767 47413 59414 42048 24042 108559 0 78518 106000 18974 28844 78390 34713 48166 3606 8062 66129 44598 43566 66708 89554 86128 67742 67357 51856 72402 59059 62032 61660 78447 96167 56939 85212 47413 10440 97309 66370 73335 82765 50804 49649 81345 63891 17205 11180 91214 32527 15524 70178 78746 71169 61033 27295 93059 52479 58694 98899 62073 30364 80100 92962 61351 33971 83187 77000 36069 53460 57280 31016 28160 82225 41110 41976 79624 73430 34366 89627 72035 3162 28231 35228 45177 79228 97862 8602 84404 36222 26401 79906 87321 27000 100846 29000 
57706 29017 25710 20100 33838 10198 86023 7810 79906 64195 101592 58830 39013 78518 0 36014 89045 78924 31623 52326 58694 74967 86371 34928 41785 64938 84291 27295 85094 22361 78638 27019 15524 29069 35228 66370 47885 93107 86145 16553 79906 69656 41183 23195 66761 78772 48166 41593 88769 35228 83528 68118 47381 46011 71610 95131 8485 79246 20248 102078 80529 84481 34000 39395 54589 53000 66310 53038 77104 44553 51313 61465 86649 64008 38053 62394 65391 46043 46487 47760 29206 93536 55714 19647 43081 81320 73539 62032 79246 67779 42544 77801 46400 109604 74324 3162 83006 61774 42953 62241 
90802 65000 48374 56080 66483 26019 110259 42190 91586 70214 118406 83006 3000 106000 36014 0 111946 97673 30806 85866 94340 102728 113159 43278 76295 78600 87920 16971 79310 38275 81271 59203 51245 47202 46690 71176 43012 84024 94372 21840 91586 95964 19000 39661 65253 73553 61717 58728 86145 71176 106301 94874 32062 74686 102552 98980 30414 80081 55326 125399 70029 94414 48836 15000 59942 85381 60828 37014 82462 73824 42755 57489 103233 73062 74007 82037 85586 38328 66708 82377 28425 95603 75743 17464 43829 109078 92655 96317 91810 62968 20025 103005 36878 131529 94048 33000 76164 94557 17263 82807 
48094 76400 65299 81933 59464 93236 5385 81633 36222 54129 23324 30232 114215 18974 89045 111946 0 18111 82201 52010 66753 21378 14866 69405 60671 38601 55731 95016 77162 74250 58078 63977 85615 65054 65605 55731 78294 86579 44385 92698 36222 21378 100404 72835 67897 75007 51624 53263 70859 80062 5657 23345 92130 44385 34482 56648 87618 62073 73926 13454 86093 40025 63127 102650 59808 47096 75313 92704 52038 46239 82462 73246 21190 48270 73682 30232 26627 82735 45277 59076 84024 60729 36235 96897 72945 19235 21190 53935 34132 73980 100703 13038 84971 20591 19313 89872 79025 45398 104010 29206 
50567 72007 53666 75664 54037 81492 20224 72111 18974 36139 22804 23022 99725 28844 78924 97673 18111 0 67179 52811 69857 29069 29411 54452 58694 21024 38601 80722 59414 61294 40311 56719 78447 52154 50990 37656 61400 69051 28178 79881 18974 23601 84646 59908 49820 57009 36069 39408 53600 77162 14142 25239 75472 39013 41773 41340 76059 44283 66910 30083 68029 23707 49204 87207 42485 47434 57271 75591 34234 41012 65299 55362 9220 30364 71449 16553 13601 66038 32650 58941 69311 44721 23259 83815 56613 30887 5385 58181 16763 55902 84812 20248 68264 34409 5000 79202 61131 49244 88238 16763 
69007 53235 24021 47202 46530 25298 80994 31890 60902 40162 87618 54562 32650 78390 31623 30806 82201 67179 0 65069 77878 75392 84971 12806 58052 47802 59034 14318 55109 14560 52612 40025 44598 20224 16643 41485 16763 62298 64257 19235 60902 68029 18974 15297 38013 48836 31113 29155 60133 60902 76609 67231 17464 49649 77666 70214 23324 52154 41593 95603 49244 63977 19698 20591 29732 63032 35903 22472 52887 49366 19723 31401 72471 42485 60926 52010 55606 14422 37590 63789 3000 67476 46043 21024 14142 81541 62290 76105 61057 37656 19647 74303 14866 101316 63781 29155 52631 72111 22472 53009 
5657 28425 41049 36797 19416 60745 47096 44777 66038 66219 72835 31385 88769 34713 52326 85866 52010 52811 65069 0 17804 31401 42450 56089 11314 54562 81468 71701 95000 51010 79209 26683 41869 45398 52393 69029 72533 105209 75717 64031 66038 31145 83054 50 77698 89872 49739 43863 93434 29547 48094 29155 81615 19416 21954 88814 55660 82134 32249 61984 97617 71868 48270 83295 63135 5385 82298 85329 74277 18358 77621 77820 61984 61620 22847 42438 42544 74525 38275 7280 65000 90272 39623 68411 65253 36401 48847 11045 64140 82365 84024 39000 76295 70859 48104 54626 94868 9899 86145 40497 
19313 30083 54406 39560 31623 68359 61522 52154 83762 83630 88769 49092 97329 48166 58694 94340 66753 69857 77878 17804 0 45398 55000 70576 19925 72346 99247 82098 112294 63348 96876 37855 44922 59464 67231 86452 87464 122442 93477 73027 83762 47127 94641 62586 94626 107005 66611 60208 111036 26420 63561 45222 95079 36797 33000 106607 64070 99725 39051 75000 114280 89588 63159 94260 79881 23022 98793 99328 92022 35468 92477 94154 78924 79209 21190 60216 60208 88865 55444 14765 77279 108074 57385 77104 80231 49010 66189 13000 81835 99020 95755 54129 90443 84000 65307 61522 112004 21378 97417 58249 
27019 57775 54378 64498 42438 80920 16125 67209 47170 57871 44011 21378 105309 3606 74967 102728 21378 29069 75392 31401 45398 0 11662 63246 41110 42202 66189 86354 85071 64498 66483 48270 68797 55902 59135 60208 75954 95189 56859 81841 47170 8000 94340 63135 71701 81492 48374 46840 80623 60440 18788 8246 88527 29000 13416 70214 75286 70228 57428 30594 91591 52431 55714 95854 60 26926 78313 90427 60539 30414 80753 75060 36878 51971 53852 29275 26683 79624 38328 38639 76557 73246 32062 86267 69426 6403 27785 32558 44944 77524 94921 9434 81786 39459 26077 76381 86128 24083 97862 27166 
37656 69354 65000 76158 54083 92022 10 78645 48384 63000 38013 30414 115663 8062 86371 113159 14866 29411 84971 42450 55000 11662 0 72498 52555 47000 68007 96566 88459 74887 69426 59816 80455 66038 68447 65031 83934 98270 57385 92617 48384 17205 103788 73498 77000 85586 56321 55946 82970 71784 15652 18439 97082 40361 22000 70214 86371 73348 69065 20 96255 52924 65299 105546 66753 38275 84054 98494 63348 41869 88527 81302 34986 57000 65146 35511 32249 87932 47424 49729 86354 73926 39850 97005 77795 6083 30265 42000 46174 83006 104278 11180 90139 29000 28284 87693 89944 34234 107355 33734 
59414 49578 16643 45607 39000 32062 68264 32202 49244 30150 75213 42154 45277 66129 34928 43278 69405 54452 12806 56089 70576 63246 72498 0 50695 35511 50010 26401 50567 12649 44045 33615 44418 11180 4123 32016 17000 59169 53600 27893 49244 55714 31305 12083 31953 44283 18439 16553 53852 57385 63820 55027 26019 39000 66483 61074 28071 44407 38184 82801 47634 52811 8000 33287 20 53339 32450 29275 43186 39051 21932 27459 60 31321 56036 39205 42802 18439 25080 55973 14866 59034 33287 31016 10 69289 49518 67082 49193 33615 31780 61717 20224 88527 50990 33377 48765 62129 34886 40224 
16971 17205 34482 25495 11705 50695 56089 34482 69462 65856 80056 35903 79246 44598 41785 76295 60671 58694 58052 11314 19925 41110 52555 50695 0 56436 82928 63032 94069 43566 79812 18111 30610 39560 47424 68680 67624 104062 78721 54589 69462 39319 75166 42755 75928 88527 48104 41231 93606 19416 56223 37336 75186 20616 33015 91302 45891 82329 21541 71568 95210 75240 43382 75007 61074 14318 79630 79404 75452 18788 72615 74887 67897 62008 13038 45880 46840 68949 37643 6083 57559 92114 41593 58856 60415 46615 54129 20248 67779 80 76236 47676 70520 80281 53759 44272 93509 21213 78058 44272 
54489 65521 39319 66611 48104 65460 39459 59211 15033 16000 39825 24413 80430 43566 64938 78600 38601 21024 47802 54562 72346 42202 47000 35511 56436 0 26907 61855 43081 44598 25239 48052 68118 36139 32650 18111 40497 53310 22804 62650 15033 34482 64382 43324 30 39294 17464 23345 39661 72111 33734 35114 54644 36056 51894 34886 60440 28653 57559 51078 49497 20100 31953 67179 21471 49518 37121 54589 19849 37736 44294 34713 24759 10 67624 13416 15524 45222 20396 58822 50220 35805 15000 66189 36125 46390 17464 63032 14318 36014 64444 36056 47434 55227 19416 64537 43966 54818 67941 15652 
81320 90471 60415 90139 73824 82055 58694 80062 19647 20100 44385 50990 88955 66708 84291 87920 55731 38601 59034 81468 99247 66189 68007 50010 82928 26907 0 73007 22361 62073 6708 72615 90708 55731 49092 18000 44944 31016 12166 77414 19647 59169 70264 61131 23324 22361 37643 45222 15133 97509 52631 60208 57706 62801 77389 11180 78006 9220 81271 65000 33615 16000 50488 73926 30017 76420 29833 54918 7616 64405 46065 31385 35057 21541 93536 39699 40804 49769 45651 85604 61984 9487 41869 79906 44911 69080 38484 89828 21840 27659 69778 58310 51478 65620 40311 83096 25000 81468 73348 41869 
76295 54342 32311 46487 52345 17804 93408 31048 75180 54424 101607 66287 19209 89554 27295 16971 95016 80722 14318 71701 82098 86354 96566 26401 63032 61855 73007 0 67186 21932 66491 45177 42544 30529 29732 55660 29017 73348 78549 10817 75180 79404 13892 23259 51245 61074 44822 41773 73027 61400 89376 78390 22361 58873 86977 84172 19313 65765 43417 108467 59666 78294 31890 12369 44011 70612 48042 28178 67052 58189 30265 44011 86400 56798 62968 65069 68622 25080 49820 69065 11662 81216 58796 9434 28160 92661 75690 82492 75293 50010 15264 86267 24331 114560 77078 24187 64382 79831 15811 65856 
95964 98005 65192 95525 83487 80281 79630 82765 41012 28844 66708 67082 79630 86128 85094 79310 77162 59414 55109 95000 112294 85071 88459 50567 94069 43081 22361 67186 0 63159 19105 80430 94826 59682 51478 26077 38471 10296 34525 74330 41012 77492 60407 62650 18868 6325 45967 53075 9220 105603 73553 78186 47265 75604 94937 28302 77492 15133 87367 87092 12728 38210 54378 64382 33422 90443 19235 42755 25179 76837 37014 23770 57035 34000 102825 56462 58523 42107 56851 97837 58052 23022 56436 75664 42059 88769 58249 104561 43046 17464 59540 78102 43012 87966 60208 83169 3606 96897 62801 58694 
55227 39115 10440 33941 32140 20881 72250 19723 59203 42012 83241 44822 40817 67742 22361 38275 74250 61294 14560 51010 63348 64498 74887 12649 43566 44598 62073 21932 63159 0 56321 25495 32202 9220 13000 44102 27586 71589 64630 18601 59203 57689 32062 1414 44598 56859 27203 21954 66483 46872 68593 56604 31953 37000 65146 73007 16125 56886 27459 87681 59641 63348 12649 32558 32249 49366 44777 36674 55000 36401 31890 39825 68000 42297 46519 45000 48415 27203 29069 49366 14036 71253 38419 22672 21633 70831 56036 62000 58822 46065 33015 64815 28302 94260 57201 21024 61270 58549 35228 45453 
79511 86313 55362 85440 70178 76000 60531 74733 22023 14866 49041 49649 82280 67357 78638 81271 58078 40311 52612 79209 96876 66483 69426 44045 79812 25239 6708 66491 19105 56321 0 68425 85726 50448 43417 12369 38275 28862 17000 71176 22023 59093 63561 55444 16643 17464 33106 40719 14422 93536 54452 59933 51000 60141 76942 17720 72111 4000 76694 68264 28862 19925 45122 67231 24083 74330 23345 48260 6083 61620 39357 24698 38210 17804 89889 38588 40249 43081 42202 82879 55579 15000 39699 73553 38471 69921 39294 88091 24000 21213 63071 59203 44777 69635 41231 77318 21024 80 66641 40817 
31623 17889 17000 19026 7280 34438 60415 19209 62650 53712 79429 34482 62097 51856 27019 59203 63977 56719 40025 26683 37855 48270 59816 33615 18111 48052 72615 45177 80430 25495 68425 0 21840 22472 30806 56436 50606 90028 70831 37363 62650 43566 57079 24739 61717 74518 35355 27785 81302 25239 58694 41881 57280 19723 44654 82219 29155 70328 10198 76538 79981 68066 27019 57009 47011 26401 64382 61685 65000 18028 55471 59464 65376 51078 22672 41049 43290 51478 27659 24021 39459 82079 35014 41761 43566 54562 51478 37336 61400 65054 58138 51971 52924 84528 51788 28844 79398 35468 60008 40200 
47508 14866 30364 5385 26420 25710 81860 12728 83054 70880 101203 56321 54231 72402 15524 51245 85615 78447 44598 41869 44922 68797 80455 44418 30610 68118 90708 42544 94826 32202 85726 21840 0 35468 43382 73376 59666 103586 90554 31953 83054 64846 56365 32450 76026 88589 53151 45706 97309 20 80411 63063 61400 41231 62968 101000 23259 86977 11705 97944 91837 88204 40853 54781 62394 43863 76851 66843 83199 39395 63702 71868 86977 69426 23770 62514 64938 58694 48000 36056 42638 100170 56223 35171 53824 74887 73164 50249 82006 78032 57697 73348 59414 106104 73546 18682 93150 51740 58310 61814 
49041 38897 5657 35847 27857 29547 63127 24331 50990 35693 74243 35805 49649 59059 29069 47202 65054 52154 20224 45398 59464 55902 66038 11180 39560 36139 55731 30529 59682 9220 50448 22472 35468 0 8485 38079 28178 68819 57079 27803 50990 48877 39051 7810 40817 53535 19105 13000 61847 46669 59397 47885 36222 29428 57489 66370 24352 51546 27803 78492 58000 55444 5385 40162 26926 43012 42521 40025 48374 29155 33106 37537 59034 35014 45000 35805 39205 29411 19849 44922 20881 65115 29206 31890 21095 62177 46872 56436 50448 43417 39812 55803 31048 85041 48010 28443 58249 52010 42450 36235 
55579 47381 14142 44102 35777 33541 64351 31623 46819 29017 72111 38079 48795 62032 35228 46690 65605 50990 16643 52393 67231 59135 68447 4123 47424 32650 49092 29732 51478 13000 43417 30806 43382 8485 0 31145 20248 60465 51788 30083 46819 51624 35341 12042 32650 45277 15264 12530 54083 55154 60 50922 30067 35014 62394 60008 29069 44147 36235 79025 49518 50695 4123 37216 19416 49497 34059 33136 42000 35128 25298 29069 56859 29428 53413 35468 39051 22204 21024 52555 18439 58310 29411 33541 13000 65192 45967 63348 46615 35000 35847 57706 24083 84900 47381 34015 49930 58215 38910 36401 
69893 74303 43012 73164 58600 64070 57140 62370 23022 2828 51865 41231 72450 61660 66370 71176 55731 37656 41485 69029 86452 60208 65031 32016 68680 18111 18000 55660 26077 44102 12369 56436 73376 38079 31145 0 28844 36359 23324 59540 23022 52393 54378 43186 12166 21541 21095 28653 25000 81633 51245 52887 42638 49679 69289 29069 60008 13892 64475 67446 31401 24083 32757 57801 12042 64405 19647 41037 11402 50990 31145 18358 38484 8246 78237 31048 33541 33838 31113 72139 44385 27166 30414 62169 27514 64498 35057 78492 24187 18248 54083 54148 35805 70385 37054 65123 26401 70831 57689 33242 
75505 66219 33615 61522 55946 42059 78186 47011 50931 28425 79310 54589 44011 78447 47885 43012 78294 61400 16763 72533 87464 75954 83934 17000 67624 40497 44944 29017 38471 27586 38275 50606 59666 28178 20248 28844 0 45541 52154 35903 50931 68066 25554 27586 22361 32249 27659 30017 44011 74027 73007 67742 14213 54589 81000 55973 39812 37108 54672 91241 32650 52802 24352 29069 19209 69426 19235 14560 39825 54918 5099 15000 64815 32558 72945 48703 52202 5000 38053 72801 19647 52631 44147 37216 7280 81584 57245 83433 51624 21095 25239 72801 7071 95718 59034 45618 35903 77929 28844 50289 
106231 107448 74404 104561 93338 87596 89269 91302 50359 39115 74673 77369 84006 96167 93107 84024 86579 69051 62298 105209 122442 95189 98270 59169 104062 53310 31016 73348 10296 71589 28862 90028 103586 68819 60465 36359 45541 0 43012 81320 50359 87664 65031 71197 28320 15556 55973 62936 16031 115109 83187 88391 52154 85802 105190 34482 85235 25000 96607 96005 14000 47011 63600 69029 43139 100688 26833 47011 34928 87006 43174 31765 66068 44294 112539 66708 68710 48508 67007 107935 65146 29120 66731 82225 50090 98762 68154 114826 52469 25554 64008 88057 49031 96333 70093 91000 10630 107187 67007 68942 
74813 88323 61008 89269 70838 85329 47760 81006 9899 24166 32280 44407 95713 56939 86145 94372 44385 28178 64257 75717 93477 56859 57385 53600 78721 22804 12166 78549 34525 64630 17000 70831 90554 57079 51788 23324 52154 43012 0 81492 9899 50448 77698 63506 32558 34176 38013 45044 27000 94868 41785 51740 65803 58138 68884 13454 80753 20616 80231 53038 45541 4472 52240 81123 34540 70456 39825 63781 12728 59933 54203 40311 23345 22361 90250 33287 33422 57140 43174 80623 67067 16553 37162 84481 50567 59059 29206 83096 12042 37802 77389 48374 59076 53460 30806 85376 37108 74411 80994 35228 
68964 44407 27659 36139 44643 7071 90521 21095 76896 57871 101710 62968 24739 85212 16553 21840 92698 79881 19235 64031 73027 81841 92617 27893 54589 62650 77414 10817 74330 18601 71176 37363 31953 27803 30083 59540 35903 81320 81492 0 76896 75432 24698 20 57140 68066 45188 40497 79310 51196 87046 74202 32202 53339 80957 88566 9055 71007 34000 106104 68007 80654 30887 22847 47518 63569 55109 38013 70859 52355 38275 50636 86452 59203 53235 63600 67007 32894 47634 60671 16279 86145 57009 4472 33015 88233 74632 74525 76694 56886 26077 82879 32696 112805 75802 13416 71805 72732 26401 64031 
65000 79831 54332 81394 62097 80081 39051 74243 0 22672 28844 34670 93193 47413 79906 91586 36222 18974 60902 66038 83762 47170 48384 49244 69462 15033 19647 75180 41012 59203 22023 62650 83054 50990 46819 23022 50931 50359 9899 76896 0 40608 76059 57974 34438 39319 32016 38328 34713 86128 32985 41869 65054 48847 59034 23345 75186 26019 72339 46271 50636 5831 46573 79202 32016 60745 42048 63891 16125 50695 53814 41340 16279 18601 81271 23707 23601 55902 35128 71120 63530 26077 28160 80231 48010 49659 19416 73246 2236 40311 75928 38910 58000 48083 21095 79429 43046 64537 79511 25554 
27893 55082 47802 60926 38484 74967 17088 62008 40608 50010 41773 13601 98478 10440 69656 95964 21378 23601 68029 31145 47127 8000 17205 55714 39319 34482 59169 79404 77492 57689 59093 43566 64846 48877 51624 52393 68066 87664 50448 75432 40608 0 86925 56303 63789 73763 40447 39217 73348 58694 17000 2000 80777 23854 18439 63891 69311 62769 53235 33106 83744 46098 48332 88566 52000 26019 70349 82565 53226 25554 72835 67067 32249 44147 52345 21378 18974 71805 30676 38013 69318 66611 24083 79812 61612 13601 21260 34928 38419 69584 87464 8544 73980 41437 19799 70838 78447 26000 90471 19235 
87281 67720 42297 60166 64008 31623 99479 44598 76059 53824 103966 73410 19235 97309 41183 19000 100404 84646 18974 83054 94641 94340 103788 31305 75166 64382 70264 13892 60407 32062 63561 57079 56365 39051 35341 54378 25554 65031 77698 24698 76059 86925 0 33136 47170 54745 48826 47854 67469 74947 94874 86163 13153 68447 96540 81154 33106 62032 56515 113719 51039 78237 38626 4000 44045 81394 42202 18028 65368 68066 24352 39217 89107 57489 76158 70178 73783 20591 56365 81099 18248 77492 64498 22672 28284 100464 80 94021 76577 44385 1414 93022 18788 119017 81609 38079 57219 90554 3606 71344 
54148 38833 9220 33971 31257 22136 70838 20125 57974 41049 81884 43417 42190 66370 23195 39661 72835 59908 15297 50 62586 63135 73498 12083 42755 43324 61131 23259 62650 1414 55444 24739 32450 7810 12042 43186 27586 71197 63506 20 57974 56303 33136 0 44011 56365 25962 20591 65803 46615 67179 55227 32573 35735 63891 72028 17263 56089 27203 86267 59405 62169 11402 33734 31401 48260 44418 37162 54009 35171 32016 39446 66648 41195 46065 43600 47011 27459 27659 48508 15000 70349 37014 24083 21401 69462 54644 61008 57567 45651 34059 63411 28653 92849 55803 22000 60828 57428 36346 44045 
79177 79202 46325 76662 65069 62650 69260 64078 34438 14000 63135 51923 66098 73335 66761 65253 67897 49820 38013 77698 94626 71701 77000 31953 75928 30 23324 51245 18868 44598 16643 61717 76026 40817 32650 12166 22361 28320 32558 57140 34438 63789 47170 44011 0 12806 28018 34713 22204 86833 63388 64133 34438 58310 80081 34015 59439 14866 68505 79555 20248 34409 35511 50922 14866 73430 7616 31623 19849 59363 22847 8062 50329 20 84220 42426 45177 26926 39446 80 41012 30364 40804 59000 24187 76236 47170 87710 35847 6083 46615 66030 28460 82280 49163 65000 17692 80529 50160 44553 
91066 92005 59076 89359 77782 73980 77104 76485 39319 24166 66408 62769 73980 82765 78772 73553 75007 57009 48836 89872 107005 81492 85586 44283 88527 39294 22361 61074 6325 56859 17464 74518 88589 53535 45277 21541 32249 15556 34176 68066 39319 73763 54745 56365 12806 0 40460 47381 13000 99639 71063 74330 41593 70456 90824 30414 71169 13601 81271 85586 11402 37363 48260 58694 27586 85440 13038 37363 23195 71610 31016 17464 55579 29732 97000 52498 54818 36014 51614 92455 51788 25495 51894 69462 35735 85510 55326 99644 41195 11180 53935 74967 37014 87098 57315 76844 5000 92179 57271 54708 
51478 53235 23087 52498 37643 48083 50990 43046 32016 18358 56859 27074 63702 50804 48166 61717 51624 36069 31113 49739 66611 48374 56321 18439 48104 17464 37643 44822 45967 27203 33106 35355 53151 19105 15264 21095 27659 55973 38013 45188 32016 40447 48826 25962 28018 40460 0 7616 46043 60539 46141 40200 40853 30414 54332 47854 43174 34986 43658 64900 47885 36346 14560 51225 13416 45618 32696 42202 30083 31385 32388 28460 41617 16279 57201 21471 25060 31623 11705 52010 33302 47127 16492 48765 21541 53935 31241 59933 31623 32650 49092 45222 33838 70292 32802 47518 45453 53141 52431 22847 
46174 45651 16031 44922 30414 42544 51865 36014 38328 25942 61294 25632 60959 49649 41593 58728 53263 39408 29155 43863 60208 46840 55946 16553 41231 23345 45222 41773 53075 21954 40719 27785 45706 13000 12530 28653 30017 62936 45044 40497 38328 39217 47854 20591 34713 47381 7616 0 53535 53000 47634 38601 41773 25000 51010 55317 37336 42544 36056 66708 54083 43046 9899 49739 19849 40162 38588 44102 37643 25632 35057 34000 46065 23770 49820 23345 26870 33136 8544 45486 30806 54708 17029 44407 23022 52811 34205 54424 37656 38833 48332 45177 35228 72835 35468 41231 52345 48270 51430 24083 
93862 99126 67119 97509 83600 84853 73756 85703 34713 27803 58694 64070 86683 81345 88769 86145 70859 53600 60133 93434 111036 80623 82970 53852 93606 39661 15133 73027 9220 66483 14422 81302 97309 61847 54083 25000 44011 16031 27000 79310 34713 73348 67469 65803 22204 13000 46043 53535 0 106532 67683 74243 54342 74250 91302 19235 81584 11314 89006 80025 21932 31064 56462 71386 34928 88617 25318 50289 20125 75664 43417 29017 50160 31828 103228 53000 54589 48166 55973 96897 63127 13892 54037 81056 46390 83815 53141 102450 36878 23195 66708 73055 49366 80306 55027 87098 12728 94403 70093 55227 
34886 7810 41012 15133 24042 45398 75505 30364 86128 78892 99005 54148 74169 63891 35228 71176 80062 77162 60902 29547 26420 60440 71784 57385 19416 72111 97509 61400 105603 46872 93536 25239 20 46669 55154 81633 74027 115109 94868 51196 86128 58694 74947 46615 86833 99639 60539 53000 106532 0 75538 56719 78294 38210 51430 106775 42202 95525 19416 90956 104661 91761 51662 73763 72201 33526 89140 83355 89900 36222 78600 84172 86284 76026 6708 63151 64630 74061 52000 22361 59481 106930 57974 54745 67357 65788 72339 34713 84646 89939 76217 67082 75166 99690 72173 38328 104484 38949 77201 61814 
44553 71589 59666 76844 54406 87618 6083 76158 32985 49497 25298 24698 108577 17205 83528 106301 5657 14142 76609 48094 63561 18788 15652 63820 56223 33734 52631 89376 73553 68593 54452 58694 80411 59397 60 51245 73007 83187 41785 87046 32985 17000 94874 67179 63388 71063 46141 47634 67683 75538 0 19000 86764 39217 32202 54562 82006 58421 68710 19105 82000 37336 57489 97082 54708 43012 70711 87464 48374 41110 77253 68447 19416 43566 69260 24698 21095 77389 39623 55009 78409 58310 30610 91241 67535 18385 16279 50961 30806 69462 95189 9487 79624 26077 14318 84315 75240 42202 98478 23601 
25962 53160 46615 59093 36674 73593 18974 60440 41869 50448 43738 13153 97417 11180 68118 94874 23345 25239 67231 29155 45222 8246 18439 55027 37336 35114 60208 78390 78186 56604 59933 41881 63063 47885 50922 52887 67742 88391 51740 74202 41869 2000 86163 55227 64133 74330 40200 38601 74243 56719 19000 0 80281 22204 17205 65192 67941 63561 51478 34928 84172 47424 47539 87727 52038 24021 70576 82201 54120 23854 72560 67186 34000 44643 50359 21840 19698 71386 30083 36014 68447 67801 24000 78600 61188 14318 22627 33106 39699 69871 86729 10440 73546 43324 21260 69354 79057 24166 89694 19647 
85212 70661 40792 64351 63561 39205 91788 48826 65054 42450 93509 67186 32388 91214 47381 32062 92130 75472 17464 81615 95079 88527 97082 26019 75186 54644 57706 22361 47265 31953 51000 57280 61400 36222 30067 42638 14213 52154 65803 32202 65054 80777 13153 32573 34438 41593 40853 41773 54342 78294 86764 80281 0 65008 92439 68447 38897 49244 59034 105190 38210 66708 34015 17117 33422 79158 29120 5831 53254 65008 11662 26401 79025 46755 78390 62241 65795 9434 50220 80808 18868 64622 57245 31765 19313 94372 71197 92655 65795 31321 12369 86035 7211 109836 72945 44553 44102 88051 15811 63695 
21190 33061 26571 37643 15297 52010 40706 38288 48847 46861 61205 16000 77389 32527 46011 74686 44385 39013 49649 19416 36797 29000 40361 39000 20616 36056 62801 58873 75604 37000 60141 19723 41231 29428 35014 49679 54589 85802 58138 53339 48847 23854 68447 35735 58310 70456 30414 25000 74250 38210 39217 22204 65008 0 28160 70831 46400 62936 29547 56824 78294 54626 31000 69376 43829 15232 63071 68118 55444 2000 59682 58694 48094 42426 32757 25298 26476 57140 18868 22804 50220 71847 21095 57801 47381 35384 34132 29547 47170 63063 69231 32249 59076 64885 34015 47381 75452 23345 71805 23770 
16553 50220 54708 58138 37802 78892 29120 63820 59034 66731 57385 28160 105309 15524 71610 102552 34482 41773 77666 21954 33000 13416 22000 66483 33015 51894 77389 86977 94937 65146 76942 44654 62968 57489 62394 69289 81000 105190 68884 80957 59034 18439 96540 63891 80081 90824 54332 51010 91302 51430 32202 17205 92439 28160 0 82329 73430 80498 52402 42000 100285 64537 58549 97529 67082 19105 86122 95084 71197 28792 86006 82377 50 61098 44721 38484 36715 84095 43046 29069 78339 85000 39294 85428 74027 16031 39699 20 56851 85615 97293 22825 86145 51000 38210 73498 95635 12649 99925 36249 
88091 99960 70859 100170 82855 93134 60415 90670 23345 31000 41000 57628 99960 70178 95131 98980 56648 41340 70214 88814 106607 70214 70214 61074 91302 34886 11180 84172 28302 73007 17720 82219 101000 66370 60008 29069 55973 34482 13454 88566 23345 63891 81154 72028 34015 30414 47854 55317 19235 106775 54562 65192 68447 70831 82329 0 89006 19235 91214 63953 40804 17804 61205 84865 41110 83600 39962 65368 18028 72560 56859 42048 35468 31575 102460 46400 46755 60745 54781 93493 73164 5385 49739 91082 56089 72201 42638 96426 25495 37736 80623 61587 62394 63032 44204 94021 31623 87784 84172 48415 
60745 35355 22472 27203 36401 5657 85041 12042 75186 58009 98412 57489 33377 78746 8485 30414 87618 76059 23324 55660 64070 75286 86371 28071 45891 60440 78006 19313 77492 16125 72111 29155 23259 24352 29069 60008 39812 85235 80753 9055 75186 69311 33106 17263 59439 71169 43174 37336 81584 42202 82006 67941 38897 46400 73430 89006 0 72443 25020 100896 72450 79429 28636 31623 48042 55543 58523 44553 71028 45222 43046 53759 83259 58421 44181 59540 62769 37736 43417 51971 20809 87092 52839 13038 35440 81688 70711 65970 74726 60083 34438 77104 38013 108005 71694 5831 75273 64622 35114 59682 
82620 88193 56648 86925 72422 76105 64498 75690 26019 16643 52811 53000 80957 71169 79246 80081 62073 44283 52154 82134 99725 70228 73348 44407 82329 28653 9220 65765 15133 56886 4000 70328 86977 51546 44147 13892 37108 25000 20616 71007 26019 62769 62032 56089 14866 13601 34986 42544 11314 95525 58421 63561 49244 62936 80498 19235 72443 0 78294 72250 25000 23770 46174 65788 24739 77337 20809 46141 10050 64351 37696 22847 42190 20518 92087 42059 43863 41761 44688 85586 55145 15524 42802 73171 38053 73763 43174 91214 28000 18601 61465 63063 43324 73546 45122 77782 17029 83235 65000 44294 
37736 11662 22204 9055 15000 29428 70214 13153 72339 61847 89627 44643 58310 61033 20248 55326 73926 66910 41593 32249 39051 57428 69065 38184 21541 57559 81271 43417 87367 27459 76694 10198 11705 27803 36235 64475 54672 96607 80231 34000 72339 53235 56515 27203 68505 81271 43658 36056 89006 19416 68710 51478 59034 29547 52402 91214 25020 78294 0 86313 85703 77647 33015 55731 54203 33422 70292 64008 73682 27731 59203 65299 75538 59775 19647 51157 53460 54644 37216 27514 40311 90758 45011 38053 48104 63600 61660 41785 71176 71218 57723 61717 55758 94430 61984 22804 86023 41881 59034 50359 
57428 87920 78645 94021 71589 106527 16125 94578 46271 66098 24597 43417 127664 27295 102078 125399 13454 30083 95603 61984 75000 30594 20 82801 71568 51078 65000 108467 87092 87681 68264 76538 97944 78492 79025 67446 91241 96005 53038 106104 46271 33106 113719 86267 79555 85586 64900 66708 80025 90956 19105 34928 105190 56824 42000 63953 100896 72250 86313 0 96876 49000 76577 116017 72498 57489 87092 105551 62394 58592 95273 85381 30067 60407 84404 43600 40 95771 58728 69231 97453 68593 49679 110318 86093 26019 34000 62000 44407 85615 113991 24597 98005 9000 32249 103005 89275 54148 117324 42638 
99282 96897 63655 93236 84024 74465 88006 79322 50636 33734 77795 72125 70007 93059 80529 70029 86093 68029 49244 97617 114280 91591 96255 47634 95210 49497 33615 59666 12728 59641 28862 79981 91837 58000 49518 31401 32650 14000 45541 68007 50636 83744 51039 59405 20248 11402 47885 54083 21932 104661 82000 84172 38210 78294 100285 40804 72450 25000 85703 96876 0 48765 53038 55036 34482 93477 15620 33015 34525 79259 29732 20518 66910 39623 102650 62370 64938 35114 59481 99569 52000 35609 61033 68680 38013 95885 66068 107782 52469 15264 50010 85475 35440 98489 68066 78262 9220 100722 53009 64537 
70803 85376 59076 86701 67720 84172 43324 79057 5831 24413 29155 40497 95880 52479 84481 94414 40025 23707 63977 71868 89588 52431 52924 52811 75240 20100 16000 78294 38210 63348 19925 68066 88204 55444 50695 24083 52802 47011 4472 80654 5831 46098 78237 62169 34409 37363 36346 43046 31064 91761 37336 47424 66708 54626 64537 17804 79429 23770 77647 49000 48765 0 50804 81541 34482 66573 41881 65054 14765 56462 55227 41869 19105 21541 86977 29530 29411 57801 40447 76942 66708 21024 33838 83815 50606 54589 24839 79025 7810 39962 78006 43909 59816 49820 26401 83863 40608 70292 81609 31385 
51478 43932 10817 41183 31765 33526 61612 29614 46573 30414 70831 34886 51088 58694 34000 48836 63127 49204 19698 48270 63159 55714 65299 8000 43382 31953 50488 31890 54378 12649 45122 27019 40853 5385 4123 32757 24352 63600 52240 30887 46573 48332 38626 11402 35511 48260 14560 9899 56462 51662 57489 47539 34015 31000 58549 61205 28636 46174 33015 76577 53038 50804 0 40249 21541 45398 37483 37216 43186 31064 29411 32527 55570 30017 49679 33242 36770 26306 18028 48466 21095 59841 26907 34670 17088 61847 44045 59228 46174 38288 39217 54708 28160 82735 45343 33136 53009 54148 42154 33971 
87693 66708 42953 58822 64070 29530 101548 43417 79202 57140 106888 75133 15297 98899 39395 15000 102650 87207 20591 83295 94260 95854 105546 33287 75007 67179 73926 12369 64382 32558 67231 57009 54781 40162 37216 57801 29069 69029 81123 22847 79202 88566 4000 33734 50922 58694 51225 49739 71386 73763 97082 87727 17117 69376 97529 84865 31623 65788 55731 116017 55036 81541 40249 0 47202 81884 46098 22023 68884 68884 28160 43012 91935 60605 75313 72422 76026 24166 58181 81000 19313 81271 66573 20248 31241 102044 82462 94191 79649 48270 5099 94895 22472 121511 84024 36249 61205 91082 3606 73498 
64885 64637 32202 62610 50210 52038 60166 50961 32016 10440 60141 39205 61400 62073 54589 59942 59808 42485 29732 63135 79881 60 66753 20 61074 21471 30017 44011 33422 32249 24083 47011 62394 26926 19416 12042 19209 43139 34540 47518 32016 52000 44045 31401 14866 27586 13416 19849 34928 72201 54708 52038 33422 43829 67082 41110 48042 24739 54203 72498 34482 34482 21541 47202 0 59034 19313 33121 23345 44777 22825 15297 45607 13454 69426 31257 34525 24083 25080 65215 32573 39051 28071 50220 16125 65123 38626 73348 32558 19235 43932 55579 26249 76662 40497 53235 32527 66483 47508 33136 
6083 31385 39115 39051 19235 60836 42297 45277 60745 61612 67602 26077 88233 30364 53000 85381 47096 47434 63032 5385 23022 26926 38275 53339 14318 49518 76420 70612 90443 49366 74330 26401 43863 43012 49497 64405 69426 100688 70456 63569 60745 26019 81394 48260 73430 85440 45618 40162 88617 33526 43012 24021 79158 15232 19105 83600 55543 77337 33422 57489 93477 66573 45398 81884 59034 0 78294 82608 69296 14560 74525 73926 56613 56851 26926 37202 37216 71701 34000 12000 63198 85147 34655 68007 62169 32311 43463 14318 58830 78262 82298 34059 73553 66287 42720 55073 90427 9220 84593 35228 
84172 81394 48166 78006 68411 61131 76531 64498 42048 21213 70711 58052 61392 80100 66310 60828 75313 57271 35903 82298 98793 78313 84054 32450 79630 37121 29833 48042 19235 44777 23345 64382 76851 42521 34059 19647 19235 26833 39825 55109 42048 70349 42202 44418 7616 13038 32696 38588 25318 89140 70711 70576 29120 63071 86122 39962 58523 20809 70292 87092 15620 41881 37483 46098 19313 78294 0 25495 27203 63953 18111 5000 57940 27166 87046 49092 52010 23000 44385 84060 38833 35777 46872 56436 23259 83054 54452 92612 43463 2236 41485 73007 24083 89889 56436 64257 16763 85796 44922 51157 
