0 8246 48270 41183 21213 28231 36878 21095 18788 56586 37443 44045 35341 43932 20100 59034 12649 17205 19698 51856 29732 58669 
8246 0 41881 35609 14765 30610 34000 16279 19000 52631 41012 41183 27295 45011 28000 50804 4472 10 16000 48877 26077 53310 
48270 41881 0 57219 27203 43417 65376 27586 58694 76655 52345 71063 22023 82970 61855 37483 38079 31906 29833 77026 57706 14142 
41183 35609 57219 0 40817 65765 14422 45486 28160 19647 76485 16125 35228 35468 60166 38013 33941 37202 47202 20224 14000 71344 
21213 14765 27203 40817 0 28231 43932 5000 32757 59933 39395 50695 17000 58310 37336 43186 11402 5099 7616 57871 35693 38626 
28231 30610 43417 65765 28231 0 64351 23409 47011 83241 11180 71561 44385 71840 25632 70612 31828 29682 20616 79322 56613 47170 
36878 34000 65376 14422 43932 64351 0 47802 19416 20248 74202 7211 43738 21213 53254 51740 34176 39294 48703 15000 8246 79158 
21095 16279 27586 45486 5000 23409 47802 0 35128 64413 34540 54708 21213 61033 34886 47518 14036 8544 3000 62032 39560 37590 
18788 19000 58694 28160 32757 47011 19416 35128 0 39661 56080 26249 40 26019 33838 57306 21378 27659 35000 33971 14318 71169 
56586 52631 76655 19647 59933 83241 20248 64413 39661 0 93509 13928 54745 32249 73498 52811 51865 55946 65863 8062 26870 90796 
37443 41012 52345 76485 39395 11180 74202 34540 56080 93509 0 81400 55362 79850 29017 81492 42638 40817 31780 89202 66708 53852 
44045 41183 71063 16125 50695 71561 7211 54708 26249 13928 81400 0 49163 21024 60 54083 41231 46174 55714 7810 15232 85006 
35341 27295 22023 35228 17000 44385 43738 21213 40 54745 55362 49163 0 62394 53600 26306 22825 18682 24187 55009 36401 36125 
43932 45011 82970 35468 58310 71840 21213 61033 26019 32249 79850 21024 62394 0 53535 72918 47096 53235 61008 24187 26420 96104 
20100 28000 61855 60166 37336 25632 53254 34886 33838 73498 29017 60 53600 53535 0 78518 32062 34928 32249 67624 47413 69296 
59034 50804 37483 38013 43186 70612 51740 47518 57306 52811 81492 54083 26306 72918 78518 0 46530 44011 50488 56798 47508 49406 
12649 4472 38079 33941 11402 31828 34176 14036 21378 51865 42638 41231 22825 47096 32062 46530 0 6325 14560 48754 26000 49980 
17205 10 31906 37202 5099 29682 39294 8544 27659 55946 40817 46174 18682 53235 34928 44011 6325 0 10 53488 31048 43658 
19698 16000 29833 47202 7616 20616 48703 3000 35000 65863 31780 55714 24187 61008 32249 50488 14560 10 0 63159 40497 39115 
51856 48877 77026 20224 57871 79322 15000 62032 33971 8062 89202 7810 55009 24187 67624 56798 48754 53488 63159 0 22825 91088 
29732 26077 57706 14000 35693 56613 8246 39560 14318 26870 66708 15232 36401 26420 47413 47508 26000 31048 40497 22825 0 71344 
58669 53310 14142 71344 38626 47170 79158 37590 71169 90796 53852 85006 36125 96104 69296 49406 49980 43658 39115 91088 71344 0 
