0 37121 41195 23601 72719 49820 50249 47424 
37121 0 15264 14318 79158 70228 54009 49041 
41195 15264 0 24166 66068 61911 41593 36497 
23601 14318 24166 0 78339 63789 53160 48703 
72719 79158 66068 78339 0 31780 25318 30150 
49820 70228 61911 63789 31780 0 27731 31064 
50249 54009 41593 53160 25318 27731 0 5099 
47424 49041 36497 48703 30150 31064 5099 0 
