0.000 35.355 25.632 25.710 26.249 18.788 41.000 17.720 40.361 75.743 29.682 43.046 67.007 11.180 44.045 
35.355 0.000 32.202 41.725 23.431 29.547 7.810 32.311 68.622 50.567 27.586 60.605 48.374 30.414 29.833 
25.632 32.202 0.000 49.092 8.944 7.071 40.000 8.062 39.115 54.203 7.071 67.897 43.186 14.560 21.471 
25.710 41.725 49.092 0.000 46.325 42.048 43.012 42.012 63.246 90.973 50.990 19.698 85.493 35.014 62.968 
26.249 23.431 8.944 46.325 0.000 9.487 31.241 12.369 47.518 49.820 5.099 65.803 40.804 15.620 17.804 
18.788 29.547 7.071 42.048 9.487 0.000 37.121 3.000 39.294 58.822 11.314 60.828 48.836 7.616 26.249 
41.000 7.810 40.000 43.012 31.241 37.121 0.000 39.812 75.961 53.160 35.355 60.811 53.000 37.363 36.401 
17.720 32.311 8.062 42.012 12.369 3.000 39.812 0.000 36.401 61.294 13.601 60.407 50.912 7.000 28.601 
40.361 68.622 39.115 63.246 47.518 39.294 75.961 36.401 0.000 89.286 46.043 75.392 75.611 38.910 58.421 
75.743 50.567 54.203 90.973 49.820 58.822 53.160 61.294 89.286 0.000 47.707 110.454 15.133 65.437 32.757 
29.682 27.586 7.071 50.990 5.099 11.314 35.355 13.601 46.043 47.707 0.000 70.342 37.537 18.601 15.000 
43.046 60.605 67.897 19.698 65.803 60.828 60.811 60.407 75.392 110.454 70.342 0.000 105.190 53.460 82.638 
67.007 48.374 43.186 85.493 40.804 48.836 53.000 50.912 75.611 15.133 37.537 105.190 0.000 56.080 23.022 
11.180 30.414 14.560 35.014 15.620 7.616 37.363 7.000 38.910 65.437 18.601 53.460 56.080 0.000 33.242 
44.045 29.833 21.471 62.968 17.804 26.249 36.401 28.601 58.421 32.757 15.000 82.638 23.022 33.242 0.000 
