0 41881 54745 23409 38949 22472 60671 36139 25632 45486 72560 42379 72111 50488 17117 68710 59540 41881 17804 36139 29206 19209 41773 49769 58600 65008 36056 54589 35000 29069 57079 68007 77233 33015 85802 19235 45880 48166 43000 17205 60166 66189 4123 63388 6403 3000 21213 52326 39661 41340 
41881 0 81271 62241 59203 34015 86977 63561 17804 48094 65307 79812 33015 78186 51856 29069 18028 82024 50448 14000 70178 61033 54452 43417 70 37202 25020 71568 56223 57140 29732 29000 82565 35440 81437 44407 10630 77473 74706 24698 97417 82152 40706 90443 42953 44418 50636 60033 16401 58249 
54745 81271 0 36235 22361 47539 6000 19000 64761 41012 56921 26926 97801 4472 37656 96260 93477 37216 68949 68154 41110 48374 29833 50931 26926 78492 58592 18028 87316 79310 74518 94626 42190 87367 60075 73246 77820 7810 14213 64195 31064 21587 58856 9220 60415 55317 73055 32757 87966 94244 
23409 62241 36235 0 29547 32202 41629 21401 44553 46098 72367 18974 88837 31765 11180 85983 78746 19849 33541 53009 10050 12207 37108 54083 49739 76538 48332 42802 51662 43324 69642 84906 69116 55731 82280 39013 63600 28636 22472 38833 36770 53038 26926 43658 27295 22561 37656 47434 62650 58694 
38949 59203 22361 29547 0 26077 27857 10050 43290 21024 44045 33541 75928 20 24042 74202 71120 42012 55803 45880 38601 40497 9487 30887 20616 57801 36235 15652 73783 67007 53038 72622 40 69376 52811 58181 55462 20518 21024 44283 46530 27313 42942 31385 45277 40497 59641 18248 67067 80262 
22472 34015 47539 32202 26077 0 53367 29547 17263 24042 50478 47424 56859 44272 21024 54203 48270 51624 39825 22023 41785 36222 24042 27313 41437 44911 16155 40311 55317 50774 37643 53009 58310 45618 64444 39051 32558 43463 40817 19313 64444 51788 25060 56754 28178 25298 42720 33121 41012 60811 
60671 86977 6000 41629 27857 53367 0 25000 70612 45453 59093 30480 102650 10198 43566 101242 98843 40608 74632 73736 45804 53666 34670 55227 29069 82807 63977 20809 92973 84865 79202 99569 42048 93343 60671 79076 83259 13000 19235 70178 31257 21024 64777 3606 66287 61188 78746 36235 93904 99930 
36139 63561 19000 21401 10050 29547 25000 0 46487 30676 54009 23537 83439 15133 19313 81394 77104 32000 51430 51108 29547 33242 19416 40311 28636 66573 42638 21401 69778 62266 61221 79931 47885 68469 62097 55027 61294 13928 12042 45277 37443 31890 40262 28071 42059 37000 55462 28071 69231 76557 
25632 17804 64761 44553 43290 17263 70612 46487 0 36770 59548 62008 46487 61400 34059 43081 34409 64382 38053 11000 52802 44294 40200 35609 57070 41773 16279 57035 48847 47074 33541 42379 72236 33242 75000 33956 20248 60407 57271 10050 79630 68264 25495 73980 28284 28460 39459 47802 24083 52839 
45486 48094 41012 46098 21024 24042 45453 30676 36770 0 27313 54120 57454 39825 36878 56356 55785 61814 63246 34132 56036 54571 11662 10 22204 37483 23087 25942 79310 74404 33838 54589 35468 68797 40460 63032 41304 41049 42048 42438 67535 34928 48600 49041 51614 48021 66400 12042 60166 84853 
72560 65307 56921 72367 44045 50478 59093 54009 59548 27313 0 77104 60208 57723 63891 61008 65924 86006 90211 53000 82037 81609 35355 24042 30083 37054 43417 38897 105603 101242 39459 59008 25060 92763 16155 89404 55714 60208 63388 67209 87321 40224 75472 62169 78549 75180 93193 26019 80262 110752 
42379 79812 26926 18974 33541 47424 30480 23537 62008 54120 77104 0 104019 23259 28018 101533 95483 10296 51000 69296 17464 28018 42953 63569 49497 89006 62801 40792 68359 59540 83006 100265 67446 74525 83726 57219 79906 19698 14318 57306 17889 47927 45880 31145 46098 41485 55009 51088 81394 75425 
72111 33015 97801 88837 75928 56859 102650 83439 46487 57454 60208 104019 0 95901 77698 4123 16763 108453 83024 36249 98005 90471 68007 48301 78294 23195 41231 83355 89090 90139 23707 4123 83744 67602 75007 77318 26249 96333 95462 55785 120416 91285 71840 106254 74465 74947 83487 68425 46872 90670 
50488 78186 4472 31765 20 44272 10198 15133 61400 39825 57723 23259 95901 0 33377 94202 90918 33541 64514 65307 36797 43909 28320 49820 28160 77233 56080 19105 82873 74847 72863 92617 44721 83217 62008 68884 75180 3606 9899 60407 29614 24698 54589 13000 56089 50990 68622 32696 84345 89811 
17117 51856 37656 11180 24042 21024 43566 19313 34059 36878 63891 28018 77698 33377 0 74887 67941 30806 32249 42012 20881 17720 29530 44045 44598 65521 37162 39205 50537 43267 58523 73783 63891 50010 75133 35735 52631 31064 26077 29547 45793 50478 21213 46271 22804 17720 36235 40311 53852 57271 
68710 29069 96260 85983 74202 54203 101242 81394 43081 56356 61008 101533 4123 94202 74887 0 12649 105683 79246 33121 95016 87235 66573 47539 77621 24021 38897 82298 85053 86209 23087 2000 84012 63506 76164 73437 22847 94493 93381 52202 118140 90620 68308 104848 70880 71512 79630 67624 42755 86579 
59540 18028 93477 78746 71120 48270 98843 77104 34409 55785 65924 95483 16763 90918 67941 12649 0 98595 68411 26249 87201 78549 64622 48374 77878 30871 34886 81271 73007 74673 26476 13416 87006 51157 81786 62169 15811 90736 88814 42485 112699 90708 58600 102416 60926 62177 68447 67683 30265 74243 
41881 82024 37216 19849 42012 51624 40608 32000 64382 61814 86006 10296 108453 33541 30806 105683 98595 0 46872 72801 13000 24352 51157 70831 59228 95079 67602 50695 63032 54009 88566 104561 77492 72111 93381 53852 83409 29967 24352 58258 21024 58181 44777 41037 44283 40311 50636 60033 81541 70007 
17804 50448 68949 33541 55803 39825 74632 51430 38053 63246 90211 51000 83024 64514 32249 79246 68411 46872 0 49041 34234 23022 59397 67082 75928 79630 51662 71281 18385 11314 71449 78918 94795 26627 103600 7810 57219 61685 55785 28018 67476 82680 14765 76922 11662 15556 4123 70036 42190 25298 
36139 14000 68154 53009 45880 22023 73736 51108 11000 34132 53000 69296 36249 65307 42012 33121 26249 72801 49041 0 61911 54231 40608 30083 56000 31048 11045 57706 59135 57871 22804 32202 68884 41617 68964 44721 10630 64885 62682 21024 86452 68184 36346 77253 39205 39051 50359 46043 27295 62650 
29206 70178 41110 10050 38601 41785 45804 29547 52802 56036 82037 17464 98005 36797 20881 95016 87201 13000 34234 61911 0 11402 46690 64125 58181 86400 57940 50606 51088 42190 79379 94021 77369 59135 91395 41000 72402 33302 26907 45967 33242 60 31906 47170 31305 27459 38118 56754 68819 58138 
19209 61033 48374 12207 40497 36222 53666 33242 44294 54571 81609 28018 90471 43909 17720 87235 78549 24352 23022 54231 11402 0 47011 61400 61033 81049 51971 54562 40447 31780 73546 86406 80449 47760 92612 29614 64405 40706 34438 36401 44553 65069 21260 55543 20248 16971 27000 57697 58258 47518 
41773 54452 29833 37108 9487 24042 34670 19416 40200 11662 35355 42953 68007 28320 29530 66573 64622 51157 59397 40608 46690 47011 0 21633 17464 48918 30083 17117 76694 70711 44688 64900 35468 69462 45618 60605 49336 29411 30463 43324 55902 28071 45453 38275 48166 43841 62968 10817 64281 82801 
49769 43417 50931 54083 30887 27313 55227 40311 35609 10 24042 63569 48301 49820 44045 47539 48374 70831 67082 30083 64125 61400 21633 0 30083 27586 19723 35228 81841 77897 24597 45695 39319 68768 39408 65734 35128 51039 51884 43186 77414 43081 52326 58796 55462 52555 69836 20125 57271 86833 
58600 70 26926 49739 20616 41437 29069 28636 57070 22204 30083 49497 78294 28160 44598 77621 77878 59228 75928 56000 58181 61033 17464 30083 0 56604 45011 9055 93600 87207 54626 75769 19416 86925 34234 77666 63506 31016 35228 60745 57706 13000 62426 32249 65000 60440 79649 10198 81049 99865 
65008 37202 78492 76538 57801 44911 82807 66573 41773 37483 37054 89006 23195 77233 65521 24021 30871 95079 79630 31048 86400 81049 48918 27586 56604 0 29155 62626 90139 88843 8246 22023 60638 71554 52154 75710 26627 78243 78492 51788 104010 69462 66068 86371 69116 68007 81216 47202 53600 93408 
36056 25020 58592 48332 36235 16155 63977 42638 16279 23087 43417 62801 41231 56080 37162 38897 34886 67602 51662 11045 57940 51971 30083 19723 45011 29155 0 47074 64413 61685 21587 37537 57974 49497 59076 48847 19313 56036 54562 25060 79246 57315 37483 67543 40608 39051 53759 35014 37696 68797 
54589 71568 18028 42802 15652 40311 20809 21401 57035 25942 38897 40792 83355 19105 39205 82298 81271 50695 71281 57706 50606 54562 17117 35228 9055 62626 47074 0 89359 82420 59682 80529 26926 84770 43105 73824 66219 22000 26476 59228 48662 11705 58592 24207 60902 56080 75166 15556 81099 95880 
35000 56223 87316 51662 73783 55317 92973 69778 48847 79310 105603 68359 89090 82873 50537 85053 73007 63032 18385 59135 51088 40447 76694 81841 93600 90139 64413 89359 0 9055 81908 85147 112161 22561 119754 16279 65115 80006 74041 39357 84006 100846 31241 95210 28601 33287 14318 87115 43290 7071 
29069 57140 79310 43324 67007 50774 84865 62266 47074 74404 101242 59540 90139 74847 43267 86209 74673 54009 11314 57871 42190 31780 70711 77897 87207 88843 61685 82420 9055 0 80604 86093 106104 26926 114809 13153 65069 71868 65788 37108 75000 93744 25807 86977 22804 26870 8062 81345 46174 16000 
57079 29732 74518 69642 53038 37643 79202 61221 33541 33838 39459 83006 23707 72863 58523 23087 26476 88566 71449 22804 79379 73546 44688 24597 54626 8246 21587 59682 81908 80604 0 21190 61294 63530 55317 67469 19105 73553 73246 43566 98600 67624 58009 82801 61033 60075 72993 44721 46098 85235 
68007 29000 94626 84906 72622 53009 99569 79931 42379 54589 59008 100265 4123 92617 73783 2000 13416 104561 78918 32202 94021 86406 64900 45695 75769 22023 37537 80529 85147 86093 21190 0 82037 63789 74169 73246 22136 92957 91935 51662 116778 88769 67720 103175 70342 70838 79404 65795 43174 86833 
77233 82565 42190 69116 40 58310 42048 47885 72236 35468 25060 67446 83744 44721 63891 84012 87006 77492 94795 68884 77369 80449 35468 39319 19416 60638 57974 26926 112161 106104 61294 82037 0 103832 19313 96047 74431 48052 53160 77414 73027 21024 80920 44283 83630 79246 98412 25239 95509 118229 
33015 35440 87367 55731 69376 45618 93343 68469 33242 68797 92763 74525 67602 83217 50010 63506 51157 72111 26627 41617 59135 47760 69462 68768 86925 71554 49497 84770 22561 26926 63530 63789 103832 0 108074 18868 45310 81056 76007 26420 91924 96462 29069 96187 28443 33242 24083 78715 21000 23087 
85802 81437 60075 82280 52811 64444 60671 62097 75000 40460 16155 83726 75007 62008 75133 76164 81786 93381 103600 68964 91395 92612 45618 39408 34234 52154 59076 43105 119754 114809 55317 74169 19313 108074 0 103479 71868 65069 69462 82134 91137 39812 89022 63151 92005 88233 106827 34928 96255 125208 
19235 44407 73246 39013 58181 39051 79076 55027 33956 63032 89404 57219 77318 68884 35735 73437 62169 53852 7810 44721 41000 29614 60605 65734 77666 75710 48847 73824 16279 13153 67469 73246 96047 18868 103479 0 52010 66287 60671 24042 74148 85422 15264 81584 13000 18028 6325 70937 34886 22204 
45880 10630 77820 63600 55462 32558 83259 61294 20248 41304 55714 79906 26249 75180 52631 22847 15811 83409 57219 10630 72402 64405 49336 35128 63506 26627 19313 66219 65115 65069 19105 22136 74431 45310 71868 52010 0 74947 73007 29614 97000 76118 45607 86816 48270 48703 58009 53339 27019 67720 
48166 77473 7810 28636 20518 43463 13000 13928 60407 41049 60208 19698 96333 3606 31064 94493 90736 29967 61685 64885 33302 40706 29411 51039 31016 78243 56036 22000 80006 71868 73553 92957 48052 81056 65069 66287 74947 0 6403 58856 27203 28231 52240 15297 53600 48508 65803 34785 82976 86977 
43000 74706 14213 22472 21024 40817 19235 12042 57271 42048 63388 14318 95462 9899 26077 93381 88814 24352 55785 62682 26907 34438 30463 51884 35228 78492 54562 26476 74041 65788 73246 91935 53160 76007 69462 60671 73007 6403 0 54818 25554 34000 47011 21190 48166 43105 59908 37483 79120 81043 
17205 24698 64195 38833 44283 19313 70178 45277 10050 42438 67209 57306 55785 60407 29547 52202 42485 58258 28018 21024 45967 36401 43324 43186 60745 51788 25060 59228 39357 37108 43566 51662 77414 26420 82134 24042 29614 58856 54818 0 75180 70831 16155 73335 18682 19723 29428 52326 24352 43829 
60166 97417 31064 36770 46530 64444 31257 37443 79630 67535 87321 17889 120416 29614 45793 118140 112699 21024 67476 86452 33242 44553 55902 77414 57706 104010 79246 48662 84006 75000 98600 116778 73027 91924 91137 74148 97000 27203 25554 75180 0 52086 63569 29833 63600 59135 71344 61984 99282 91000 
66189 82152 21587 53038 27313 51788 21024 31890 68264 34928 40224 47927 91285 24698 50478 90620 90708 58181 82680 68184 60 65069 28071 43081 13000 69462 57315 11705 100846 93744 67624 88769 21024 96462 39812 85422 76118 28231 34000 70831 52086 0 70214 23345 72471 67602 86608 23087 92347 107424 
4123 40706 58856 26926 42942 25060 64777 40262 25495 48600 75472 45880 71840 54589 21213 68308 58600 44777 14765 36346 31906 21260 45453 52326 62426 66068 37483 58592 31241 25807 58009 67720 80920 29069 89022 15264 45607 52240 47011 16155 63569 70214 0 67476 3162 4472 17804 55902 37014 37443 
63388 90443 9220 43658 31385 56754 3606 28071 73980 49041 62169 31145 106254 13000 46271 104848 102416 41037 76922 77253 47170 55543 38275 58796 32249 86371 67543 24207 95210 86977 82801 103175 44283 96187 63151 81584 86816 15297 21190 73335 29833 23345 67476 0 68884 63789 81043 39699 97165 102201 
6403 42953 60415 27295 45277 28178 66287 42059 28284 51614 78549 46098 74465 56089 22804 70880 60926 44283 11662 39205 31305 20248 48166 55462 65000 69116 40608 60902 28601 22804 61033 70342 83630 28443 92005 13000 48270 53600 48166 18682 63600 72471 3162 68884 0 5099 14866 58694 38210 34986 
3000 44418 55317 22561 40497 25298 61188 37000 28460 48021 75180 41485 74947 50990 17720 71512 62177 40311 15556 39051 27459 16971 43841 52555 60440 68007 39051 56080 33287 26870 60075 70838 79246 33242 88233 18028 48703 48508 43105 19723 59135 67602 4472 63789 5099 0 19209 54489 41400 39825 
21213 50636 73055 37656 59641 42720 78746 55462 39459 66400 93193 55009 83487 68622 36235 79630 68447 50636 4123 50359 38118 27000 62968 69836 79649 81216 53759 75166 14318 8062 72993 79404 98412 24083 106827 6325 58009 65803 59908 29428 71344 86608 17804 81043 14866 19209 0 73539 41146 21190 
52326 60033 32757 47434 18248 33121 36235 28071 47802 12042 26019 51088 68425 32696 40311 67624 67683 60033 70036 46043 56754 57697 10817 20125 10198 47202 35014 15556 87115 81345 44721 65795 25239 78715 34928 70937 53339 34785 37483 52326 61984 23087 55902 39699 58694 54489 73539 0 71589 93086 
39661 16401 87966 62650 67067 41012 93904 69231 24083 60166 80262 81394 46872 84345 53852 42755 30265 81541 42190 27295 68819 58258 64281 57271 81049 53600 37696 81099 43290 46174 46098 43174 95509 21000 96255 34886 27019 82976 79120 24352 99282 92347 37014 97165 38210 41400 41146 71589 0 44045 
41340 58249 94244 58694 80262 60811 99930 76557 52839 84853 110752 75425 90670 89811 57271 86579 74243 70007 25298 62650 58138 47518 82801 86833 99865 93408 68797 95880 7071 16000 85235 86833 118229 23087 125208 22204 67720 86977 81043 43829 91000 107424 37443 102201 34986 39825 21190 93086 44045 0 
