0.000 37.121 41.195 23.601 72.719 49.820 50.249 47.424 
37.121 0.000 15.264 14.318 79.158 70.228 54.009 49.041 
41.195 15.264 0.000 24.166 66.068 61.911 41.593 36.497 
23.601 14.318 24.166 0.000 78.339 63.789 53.160 48.703 
72.719 79.158 66.068 78.339 0.000 31.780 25.318 30.150 
49.820 70.228 61.911 63.789 31.780 0.000 27.731 31.064 
50.249 54.009 41.593 53.160 25.318 27.731 0.000 5.099 
47.424 49.041 36.497 48.703 30.150 31.064 5.099 0.000 
