0 25495 76688 18028 77827 69007 99298 58310 42544 59439 50636 85440 92698 58258 27785 67956 59481 70029 68622 42802 24698 43681 68768 38588 41881 105309 50961 31000 72028 70178 77369 28071 56613 2236 104043 101237 6000 13601 19235 62626 7000 49396 48826 75432 89286 52000 42953 48260 99368 64537 53712 58138 22023 96773 80529 35468 87464 39051 91924 51662 33136 37696 34015 88119 58600 31145 63388 77104 85884 55218 69857 105688 43932 56303 76896 56859 29017 65115 8062 26000 22472 84054 56824 35114 58009 61351 53535 88955 76557 47011 12000 44407 36878 104178 78772 109590 71063 42000 83648 88685 43046 53413 20224 71344 68007 50329 64327 96773 96317 63151 85843 101203 38833 27893 70838 45354 73980 102786 61685 54120 57385 68264 71694 43738 26683 100 53367 14000 47802 93059 44407 95520 70036 94921 41785 65970 9849 100722 79555 58009 43600 47760 88023 61400 78600 54203 93134 99408 26627 64413 46872 73682 100663 12530 55471 48083 81320 26077 38210 38949 26173 41400 54406 55902 76896 85381 101074 63506 36401 34059 49041 51245 58796 34438 93536 55362 78243 51884 24083 52202 84054 17464 60902 48260 44102 95567 62201 51264 80777 19000 51430 57271 24083 41304 88843 75644 52154 44011 57009 56356 
25495 0 56009 13000 72863 53141 74847 52402 56036 39205 32280 82329 83815 64560 5831 42942 35440 53160 43278 51478 30067 23537 43278 14318 18439 81609 30150 20809 55082 55543 56036 20248 35000 23431 93814 77492 29833 12530 16125 40200 20809 48765 49659 75472 78549 31016 59841 31385 90443 44102 51313 63891 20616 73082 75690 10 79649 43417 87727 57280 52498 34886 24759 82735 54037 6325 50120 59439 61465 55471 46325 82462 27857 34059 53935 56436 49396 69642 28302 8602 39560 68007 53824 14866 42953 39115 29732 75240 52887 33287 19647 29967 41976 95441 59304 85088 71694 61984 59237 84172 54083 55036 20025 57271 60208 44822 53254 89022 84077 51865 66189 88566 23707 15620 48374 25710 53000 92439 53151 31575 32202 65803 47011 28231 13038 77782 33377 19235 22472 68542 53460 72567 44553 74027 56143 55803 17000 93236 58078 32757 45880 28160 70612 36056 53254 31048 77201 84119 32140 40162 28160 60374 88549 30871 31385 27166 71281 7071 57009 15133 2236 17088 29967 52202 53935 62801 76694 50606 51352 53759 63032 43863 33302 12166 78772 47381 52802 63198 18385 31064 68007 15000 58009 57559 63063 83648 44643 31016 55902 19105 63127 35355 44385 27785 76479 51923 28460 58078 36056 53009 
76688 56009 0 69007 52345 18028 32696 43417 79931 17263 26249 62073 49477 71868 51039 27659 24597 14866 44045 70007 61294 33242 37014 42190 55362 33302 26077 46819 14318 21587 3000 73980 21024 75313 53666 30 78160 67186 72062 16763 69857 53413 56223 65000 41485 63632 87864 29155 54083 12166 50478 70491 76236 26077 54148 48508 49366 60877 63127 67201 87092 50 76158 57079 46530 54452 25942 12166 24021 56604 16279 31890 71309 22204 11402 55570 86608 71113 74632 51352 76538 21024 49739 42190 24042 17464 54378 31780 15811 32757 75107 74465 61717 58310 5831 41340 64195 94810 23022 60033 74953 59076 58189 23345 40522 44045 31385 55785 41593 30871 10770 44102 70520 68884 10630 31401 3162 52326 37577 59363 45804 54708 23854 72236 50010 24187 23345 75027 39217 28862 71449 21932 40 18248 81394 33838 71344 59481 4472 33287 58000 65742 19105 33422 33242 57140 27659 34655 61400 22804 29833 26077 45277 74095 53254 29069 39115 61294 89202 41110 57079 52811 51313 48021 11402 12530 33541 26833 79649 88482 84900 40460 38601 44011 31623 38833 35847 80281 73437 25020 21024 71007 50990 73756 93723 42048 17029 65368 26683 75060 80920 62426 83241 74330 36056 16155 54708 82037 20025 48877 
18028 13000 69007 0 82329 65521 86977 61847 57070 52154 44911 91241 94668 69318 18248 54781 48052 65734 52631 54781 33541 36346 53852 27166 24759 94112 43105 30232 67683 67676 69029 11705 48000 15811 105119 89989 23770 6325 3606 53151 17029 56080 56400 83096 89894 34015 59076 43681 101356 57079 59414 68884 8602 85615 85147 21840 90139 48374 97082 62177 50090 42450 17720 92455 63032 16155 61847 72180 73682 62626 59034 95126 26173 47043 66753 63891 46271 75293 24083 19313 38053 80523 62225 27459 55027 52086 36235 87316 65513 44777 7810 27000 46530 106330 72250 97144 79025 59304 71470 93606 56321 61612 24413 69289 70456 53907 64413 99569 95854 63063 79158 100464 21095 10050 61294 38471 66000 103769 63514 36359 41231 74250 59135 26077 22825 90670 46271 6708 34176 80654 56648 85329 54644 87023 56719 66731 8246 103730 71063 44385 51865 29732 83361 47424 64413 36620 89739 96566 35777 52631 40792 72236 100319 28000 38288 40112 82365 9434 55036 28071 12166 24839 37483 60828 66753 75664 88865 62241 51478 51157 63953 53600 43909 25080 91093 57428 63632 65521 8062 44045 80523 2000 66468 60745 61074 95341 57271 33242 67779 6325 65253 39357 41195 24021 88238 64537 34828 58856 49041 61522 
77827 72863 52345 82329 0 35000 84172 20518 52086 50220 47927 10440 18439 33242 67268 73980 65000 38013 88769 43046 53226 55073 82765 66573 84599 81933 53852 52345 38118 31016 55326 92655 55082 77897 30265 79699 75240 77006 85913 57871 71694 28792 30083 14866 20809 97247 60299 46065 24021 50359 24166 32016 90907 76655 2828 72422 12369 40522 14866 34059 66068 40497 97591 10296 19416 76059 29614 40792 76322 24331 64195 78924 99202 57280 63071 22361 68359 27731 71176 64351 62817 36249 21024 60 36688 57070 90338 29833 67007 41340 84054 101828 42720 28071 47854 91395 16643 69260 75166 11314 47011 27166 59076 29069 13928 28425 23770 20100 29155 25000 50596 33541 95901 88391 59034 53235 53085 29428 20591 94826 84865 11000 72339 99810 60108 69462 50922 85212 72014 81049 43000 71169 85907 60008 54083 20616 79057 23537 56569 73376 35440 96799 42485 75690 83217 93022 39205 40361 51478 67082 50537 26306 31780 67779 90377 55036 15811 79931 65031 65192 75007 81835 88142 21954 63071 64133 84646 28636 56036 67030 52953 29000 79057 63600 35384 25612 85376 46098 89939 54424 36249 83869 17088 42190 66483 27785 41593 98270 78000 88238 47074 98838 68066 100125 25456 67000 89894 53235 52887 21471 
69007 53141 18028 65521 35000 0 50695 25807 64405 17804 21024 45100 35847 54406 47434 39850 32249 3162 55543 54203 49477 29967 49041 41677 58412 50478 25000 38013 4243 4123 20881 73007 23431 68066 43139 47508 69181 62169 68964 24166 62008 36797 39623 47074 28601 69296 72670 21840 41617 16155 33302 53009 73682 43829 37054 48374 34176 45793 47074 50249 73348 36401 76479 41000 28844 53666 8485 9434 41593 39205 29428 48415 74404 25612 28160 38013 73539 53235 65276 46325 64195 15133 32202 38275 11000 23707 60959 22472 32016 22000 70214 77421 47011 46400 15000 59059 46174 80262 40311 43738 59203 41869 49041 6325 22561 27803 13416 42059 32016 13038 20616 36056 72402 68029 24083 27731 18248 41725 19723 65856 53824 36688 37656 75213 43566 39623 21401 70612 43139 46840 55444 39115 52202 31241 66030 15811 65765 46141 22472 41340 42202 70178 19235 42942 48374 63781 24331 31048 49041 33242 25080 9849 36401 63789 60440 27459 23770 59615 74793 40311 54781 55606 58258 30610 28160 30463 51478 9220 65000 74686 68768 24413 47170 41231 25632 21932 50636 63640 71512 24839 15133 67446 33121 57315 78772 31890 9220 70725 43000 71840 64351 69527 70838 76551 24759 32000 60877 66400 21260 31401 
99298 74847 32696 86977 84172 50695 0 76026 110752 44598 53740 93381 78006 104317 71554 32280 39825 47539 41195 101213 89275 57201 36014 60836 65924 10296 50448 73246 46819 54083 29967 87864 44688 97494 78772 7810 102215 87321 89185 38288 93150 85440 88204 97417 70029 68029 118258 57280 81154 40608 82855 102956 92179 8062 85703 65192 79310 91679 93434 99323 116043 80056 87824 87573 79158 70838 58600 43417 13416 89067 30 14213 79057 44204 24839 88119 114865 103788 99323 73430 104350 49163 82298 64661 55758 39699 59008 59000 23431 62370 94340 82024 92195 84481 36401 10296 96799 124451 15652 90670 106042 91417 83815 55660 73055 76007 64078 84006 67268 63561 34132 67897 80399 83199 31145 56223 33121 77647 70264 63032 50090 87316 27857 80056 73783 19698 49518 93638 52811 6325 102801 14142 37054 27459 112045 66483 91788 87092 28231 42720 89404 72007 44000 40025 25020 61008 51245 56089 89872 34886 55973 57974 69721 99865 57000 52802 69721 77795 118794 60374 75027 64327 56036 80529 24839 20248 2000 59506 109659 117456 116211 72402 44553 64885 56223 71197 27166 112071 88769 49041 49163 88865 83672 105437 123794 68184 48549 70029 19416 92049 112645 64281 110887 83150 64008 24207 60033 112929 45277 81413 
58310 52402 43417 61847 20518 25807 76026 0 40719 35228 30265 30 34482 28601 46861 59076 49010 28844 72339 30463 34205 36056 67030 46957 64885 76276 36346 31828 30 23345 46065 72139 39000 58181 46098 73246 56321 56613 65437 43290 51894 12649 15232 25495 32062 77820 49244 27659 41110 37108 8062 27203 70434 69462 23345 52479 29155 24187 35355 24839 52173 20616 77104 30610 3162 55803 17493 34713 65788 13454 50990 74202 79057 41012 52202 12207 53460 27857 52202 43863 46011 35511 6403 39962 21378 42190 71512 35171 55362 22136 63812 81609 26077 45880 40804 84723 23022 57585 64195 31828 35341 16279 38949 22672 10050 8062 12728 38484 40012 12806 46011 45011 75604 67897 46840 34482 42953 44911 6403 75769 66940 14560 58549 79630 39598 65299 34059 64900 53451 71694 31305 64900 70064 56586 42544 11662 58830 42485 47885 56436 19416 77026 41617 59211 69584 74095 42544 46840 32757 52086 32016 22472 44011 49244 71784 36878 24021 59464 52498 45618 54562 62177 69570 5000 52202 55946 76942 16643 42720 53367 44102 8602 61814 43566 40804 6083 71344 38419 69426 37216 35511 63411 8062 32450 55543 39000 28160 78715 65734 67801 39205 79850 52038 79812 33242 55082 70937 42485 37014 5657 
42544 56036 79931 57070 52086 64405 110752 40719 0 66219 57428 55444 70349 20881 53460 85884 75180 67007 93920 10296 26306 56798 91000 61131 74243 113137 61911 41437 68600 62968 82024 68659 67119 44011 82298 109622 37121 50804 59666 73239 40262 28178 25495 42755 70612 87052 8544 53824 76105 70178 32696 21587 63600 105418 54009 62801 64281 19105 62514 18028 15232 30806 74733 61033 38626 62129 56036 73817 98600 28862 81841 111803 82389 68264 85913 30806 18868 28460 34540 49497 20125 76059 35114 53451 55902 71847 84853 75611 87801 48415 53759 83726 18601 80006 78873 120416 38471 17263 96607 60208 5385 25710 36125 62769 49649 36620 52839 72007 79076 52479 85000 83952 77524 66753 79649 56824 78492 81394 46957 87367 84646 41110 87464 82492 45891 103586 61855 55660 71169 105423 9487 101833 93408 95603 2000 52326 49729 75027 84149 78924 22204 84006 81988 82462 97529 86579 83259 87316 24515 79756 56080 63063 82565 30083 86145 60415 63063 61074 13038 60440 58009 72443 84345 35847 85913 91935 112045 55471 6403 15811 7000 40 82541 55785 81345 42720 98387 9899 64761 63285 76059 57489 37108 10050 14866 77878 62936 87006 96255 60440 9220 91269 21213 80895 73082 87201 83726 2236 66030 35468 
59439 39205 17263 52154 50220 17804 44598 35228 66219 0 9434 60638 53535 61685 34015 24021 14866 16279 38601 56859 45222 16031 32558 25962 41340 48010 9055 29967 17804 21633 18028 57974 5657 58052 60877 44204 61033 50040 55326 8062 52631 42154 44777 60008 46400 51662 73661 12806 59405 5099 40522 60407 59682 39825 52631 32573 51430 47202 63569 55946 71701 35468 60745 57585 38328 38328 20616 21024 32450 46840 16155 47508 57454 7810 19799 46325 70803 62586 57585 34132 60465 30529 40792 25020 14000 7000 43186 39699 21633 17804 58009 60539 47634 64203 20100 54452 58078 79931 30529 60083 61612 48703 41231 23854 36497 32894 26476 59682 49518 25318 27019 53263 55902 52887 13454 14142 14560 59464 31016 48104 36056 49000 23345 58310 32757 40853 6083 58009 25612 39205 58523 37216 35693 35511 67476 29614 54148 63812 20248 23707 45277 52802 31953 25632 34366 46011 39357 46530 45607 17029 12649 27459 53814 57271 42638 12042 41183 44911 74277 24739 40447 38588 40460 38833 19799 26926 45967 21587 65069 73110 71847 29411 29530 27074 41881 29428 36125 68096 57070 8246 30529 54148 43290 61400 79209 49497 8944 53151 31016 58310 68600 51740 67119 59942 42450 21095 43139 68411 3606 39812 
50636 32280 26249 44911 47927 21024 53740 30265 57428 9434 0 58310 54489 54571 26683 29833 19235 20881 42107 48374 35805 8944 37054 20809 38184 57428 6083 20616 22804 23854 27313 52000 9849 49366 63253 53600 51923 42107 48270 15811 43738 34928 37363 55731 48166 50 64661 3606 60811 14318 34132 53367 52887 49204 50567 27459 51400 38588 62177 48384 62370 26627 55471 56436 33136 32650 19849 27295 41231 40311 24413 56939 53907 11402 29069 40112 61400 56321 48384 26077 51039 35735 35000 17464 12042 14422 42544 43417 30480 9487 50160 56851 38833 65765 28160 63702 53235 70711 39205 58592 53000 41773 31953 25807 34015 26173 24698 60308 52697 23324 35228 56939 51614 47011 22672 6708 23770 61847 27514 47170 37000 44721 30463 54672 24083 50160 4472 50359 24187 48166 50120 46648 40012 44385 58600 27785 46011 64537 29547 26173 37162 50249 38471 29017 41110 45277 44922 51865 36235 23087 4123 29206 57140 47927 42485 7211 41773 38626 65054 19416 33838 35355 40249 33000 29069 36359 55172 20616 55973 63781 63285 23022 31575 20248 46615 24187 42450 59933 50596 7000 35735 46872 38118 53226 70093 52431 12369 51225 38949 51196 60374 51108 57689 55803 45222 29833 42190 59641 8602 34000 
85440 82329 62073 91241 10440 45100 93381 30 55444 60638 58310 0 20518 35014 76837 84345 75432 48042 99202 47539 60745 65299 93172 76662 94668 90521 64257 61620 48000 41049 65069 101863 65521 85703 30414 88527 82365 85703 94795 68250 79630 36056 36715 13038 26077 107424 63127 56365 23707 60671 32016 34059 99765 85703 8062 82377 15811 46957 7071 37855 70214 48918 106963 7810 28320 85802 40025 50249 86093 30414 74431 87281 109041 67720 73000 28653 73007 28071 78390 73756 68710 44643 29069 69893 47127 67469 100648 36674 77026 51478 92455 111606 49193 26249 57315 100170 17029 72111 85024 5385 50804 32696 67476 39013 24352 37537 34205 18788 33302 35440 59439 36797 105603 97745 69181 63506 63000 30017 30871 105095 95273 17205 82608 109622 69426 77795 61351 93723 82347 90554 47074 80050 96317 68308 57428 31048 87459 20616 66189 83815 42059 106850 50596 86128 93434 103315 46065 45804 58830 77466 60836 36014 34713 74706 100722 65391 23770 89376 68469 75293 84504 91924 98489 30414 73000 73553 93744 39051 60208 71021 55000 38601 89493 73498 41677 35511 95635 48000 98995 64846 44643 92698 24839 45398 69029 31890 51971 108407 88051 97000 49000 109124 73376 109809 31765 77058 100180 56223 63325 29732 
92698 83815 49477 94668 18439 35847 78006 34482 70349 53535 54489 20518 0 51662 78006 75240 68096 38013 91236 61033 68680 62936 84581 74967 92655 73682 59666 64498 37162 31906 52393 104043 59076 92477 12000 72250 90802 89944 98270 59942 86163 45398 47170 31765 8062 104350 78638 53759 6708 51884 40447 50448 103247 70029 17088 81394 6083 57428 17000 52345 84006 55027 108407 12728 34713 85913 34655 37363 72835 42000 64257 70036 108208 61294 60877 40 86052 45880 86683 75717 79762 29155 37336 69656 42450 59540 96400 19026 65253 50606 97494 111072 59540 11662 43932 83600 34540 87573 72180 15620 65192 45011 73007 29682 24698 42379 30610 6325 13038 32016 44045 16279 105551 99403 58523 60811 51245 11045 31305 101213 89588 29275 72450 108931 71868 60671 56223 98412 78243 76164 61131 64070 87727 51352 72339 28018 92574 10296 52953 77175 52345 104738 34015 78772 82565 99202 27659 25942 67186 68877 57983 26077 14213 83678 96021 61620 12728 90802 83217 73553 85802 89828 93814 37656 60877 59304 78058 33941 74027 85024 71386 41629 83006 73110 22804 37577 85071 64537 101789 59816 29155 96385 34059 60531 84853 11662 44654 105646 76158 100846 65513 105000 85376 109786 14000 65521 96213 71568 56859 37483 
58258 64560 71868 69318 33242 54406 104317 28601 20881 61685 54571 35014 51662 0 60415 84404 73756 57428 95525 15556 35777 57219 91241 65123 81216 104862 60208 45398 58600 51856 74431 80957 64288 59203 63348 101789 53759 63063 72471 69570 54083 19647 17263 22091 53310 94541 28160 51196 56886 64475 21471 1414 77026 97944 34713 68731 45607 21190 42048 7280 36056 31064 86816 41195 25612 69857 46043 63253 93520 15264 77833 102801 92347 65970 80056 16401 39395 7616 50329 56515 37643 63032 22204 57140 48754 68308 90355 60208 82855 45122 67956 94244 22847 60407 69405 113208 18000 37121 91788 40012 17000 13000 45310 50990 34828 28792 41231 52469 61847 41400 74518 66483 87920 78000 74324 56436 71197 62586 34828 93771 88006 22847 84770 92655 52173 93862 58941 69642 74007 99730 14213 93477 94048 85041 22804 39623 63285 55145 76322 79630 19105 92418 69354 82873 95603 92542 68819 71694 33541 77621 54745 50210 64846 46011 91198 59682 46530 70838 33734 64070 66761 78918 89140 23854 80056 84380 105309 45222 26401 36688 20025 32311 84291 60299 66038 33121 97015 13038 77369 61392 63032 70235 21932 11180 34015 60539 55902 94921 92698 73926 14036 97867 40817 91761 56824 82462 89454 21378 62642 23022 
27785 5831 51039 18248 67268 47434 71554 46861 53460 34015 26683 76837 78006 60415 0 40224 31780 47539 42720 48042 27166 18111 41773 10817 21024 77833 25000 15652 49477 49769 51245 26077 30150 25942 87983 73736 31241 16279 21587 35693 22023 43863 44944 70328 72719 34234 57974 25632 84629 39000 46141 59666 26249 69289 70093 9487 73878 39459 82134 53151 51478 30083 30480 77078 48600 9487 44294 53935 58138 50567 42379 78447 32650 29428 49729 51430 48765 65146 29000 4000 38484 62362 48549 9220 37162 34525 31401 69462 49041 27459 24083 34986 38210 89627 54083 81841 66648 60926 55902 78568 51039 50329 17464 51478 54489 39408 47434 83241 78262 46043 61033 82765 28844 21401 43932 20224 48094 86608 47424 34015 32202 60465 43909 33121 8246 73348 28071 24000 20518 65299 50040 68411 43417 69181 53759 50 20616 87459 53339 30480 41485 32016 65115 33971 51088 33136 71568 78447 29069 36674 22561 54562 82735 30806 32757 22000 65460 12806 55714 11180 7810 19026 31048 46872 49729 58464 73348 44777 49244 52802 60407 38288 32016 7071 73055 41725 50931 60 24166 26019 62362 20224 52697 54083 61685 77827 39051 34525 53000 24515 60008 38000 43909 33015 70661 48104 30265 55579 31016 47707 
67956 42942 27659 54781 73980 39850 32280 59076 85884 24021 29833 84345 75240 84404 40224 0 10770 37336 16401 77473 61612 29155 9434 29411 34059 40200 24352 45222 38079 43966 25456 55731 20224 66038 80777 36125 71400 55471 56921 16125 62201 64761 67186 84024 67543 38601 92439 33242 80498 23770 63789 83199 59908 32016 76295 33106 74000 67624 86833 78160 88408 55543 56080 80777 62129 38626 44407 38588 19235 70036 11402 42000 48374 18439 18028 69721 86556 85988 68884 42638 75928 48260 64382 34655 38013 17029 29120 58830 14318 39294 62241 51478 67543 85000 33422 42379 82024 97417 17117 83433 81860 71589 54489 46174 60407 55902 50359 81541 68797 49254 37537 71610 49010 50990 17205 29069 25000 79404 55036 33838 19925 73007 5099 49366 43841 40025 25495 61465 20616 25962 79310 33377 12530 40249 86833 53460 59942 85493 26249 10440 66731 41773 46755 8000 11662 31623 55317 62290 62682 7000 30083 49649 72670 70036 27514 25495 63569 45541 91837 29206 42953 32249 25962 62394 18028 26000 34205 45398 83528 89811 92136 52612 13153 34059 59203 53151 12649 89320 56515 23087 48260 56648 67119 82638 97350 69116 32388 40522 13000 59775 89694 36249 82134 52154 62650 13416 29833 88119 22091 63388 
59481 35440 24597 48052 65000 32249 39825 49010 75180 14866 19235 75432 68096 73756 31780 10770 0 30232 23770 66708 51225 18601 18028 21190 31048 46174 13601 34828 31401 36235 23409 51010 10050 57697 74813 42059 62434 47760 50636 8485 53339 54129 56515 74243 60745 39115 81835 22561 73783 16401 53339 72567 54231 37643 67446 26306 66212 56859 78435 67446 78102 44777 52469 72450 52000 32249 35440 33242 26420 59540 11045 47074 46819 8000 19000 59304 76420 75538 59641 33615 65795 43139 54083 25000 28443 8602 30 53151 17464 28636 55082 49980 56798 78492 29682 50120 72028 87006 24187 74947 71113 61000 44598 38471 51196 45398 41231 74303 63127 40025 35341 66483 46325 46000 14560 18358 21471 73410 45398 35000 21932 63198 12728 47760 34205 43012 15033 54571 15133 33615 68542 37336 21095 40792 76158 44385 52202 78390 25000 9220 55973 41146 43012 10770 22361 32802 51225 58412 52202 5000 19313 42059 67268 60440 29069 14765 55902 39319 81400 20616 35903 28636 27019 52086 19000 28000 41593 36401 72945 79511 81394 42190 15000 25060 54489 43000 23409 78549 51088 12369 43139 50010 57000 71868 86839 63253 23770 40817 21932 53600 78924 38288 72125 50 56400 16492 30232 77414 12166 53085 
70029 53160 14866 65734 38013 3162 47539 28844 67007 16279 20881 48042 38013 57428 47539 37336 30232 0 53226 56851 51245 29732 46615 41146 57428 47434 24187 39051 2000 7000 17720 72801 21932 69000 44688 44418 70456 62650 69123 21954 63032 39598 42426 50220 30529 67941 75213 22204 43566 13892 36235 56036 73763 40706 40012 47854 36688 48260 49820 53151 75591 38484 76059 43738 31906 53310 11402 7280 38471 42202 26683 45453 73498 24042 25080 41049 75644 56356 66611 46690 66129 14866 35228 38328 12369 21633 59414 23431 29000 23195 70711 76551 49396 48260 12042 55946 49336 82680 37216 46530 61847 44822 50249 9055 25710 30480 16553 44283 33242 16125 18028 37014 71694 67779 21213 27514 15133 43278 22825 64351 52010 39850 34928 74330 44181 36770 20591 71021 41869 43681 58138 36056 49769 28601 68600 18974 66370 48301 19313 39408 44822 69029 18000 40817 45541 62241 24042 31016 50922 30871 25000 12369 37537 65307 58796 26833 26249 59464 77175 39812 54708 54644 56639 33601 25080 27313 48332 12207 67417 76942 71505 27019 45222 41110 25942 24759 47854 66483 71470 23854 14866 67683 36235 60108 81271 33242 8544 69426 40012 72035 67179 67941 72801 75802 26249 29017 59397 69029 19849 34409 
68622 43278 44045 52631 88769 55543 41195 72339 93920 38601 42107 99202 91236 95525 42720 16401 23770 53226 0 86585 68154 38328 7071 33106 28302 50804 36056 52498 54120 59615 41773 50090 33734 66483 97098 47074 73110 55154 53824 31385 64031 76164 78313 97739 83648 27074 99539 45011 96649 39395 76000 94430 55570 43681 91214 33601 89694 76903 102142 88814 93941 65115 48703 96135 75240 37483 59203 54918 30676 82024 27803 53600 38639 31575 33971 82000 91417 98046 71400 46141 81006 64637 77058 40497 52173 31953 18682 75166 29833 51000 60440 41437 76400 101213 49820 50010 95336 103310 29155 98671 90521 83150 59481 61847 74953 68000 65000 97509 85147 63789 53740 88006 40804 46141 33601 39115 41400 95718 69051 22091 11402 86701 20518 39623 48754 53712 38328 59203 22847 35511 88527 46615 4472 55471 94578 68154 59414 101518 42426 16000 76942 31401 63127 13153 16279 20224 71701 78645 69642 22361 41012 65391 89051 73498 16492 36014 79310 43278 97944 33615 42450 27803 16155 75060 33971 41049 43186 60166 90620 95294 100578 65031 11402 38484 75604 66272 14036 98717 51971 35128 64637 54203 80225 92195 103788 85440 47434 29069 23409 56303 98955 23087 86608 42953 78892 29069 19925 96135 35903 76059 
42802 51478 70007 54781 43046 54203 101213 30463 10296 56859 48374 47539 61033 15556 48042 77473 66708 56851 86585 0 21587 48703 83169 54452 69065 103276 53226 34366 58412 52697 72180 66483 58181 43829 73027 99825 38210 48466 57775 64140 38949 17889 15232 35468 60828 82219 18788 44777 67007 60605 22472 15620 62169 95671 45177 57009 55009 9849 54571 9849 23022 21932 72450 52469 28460 57219 45804 63600 89308 19105 72719 101833 78854 59481 76400 21095 25495 22804 34828 44045 22204 65765 25000 46530 45967 62769 79057 65460 78492 39115 52839 80523 10198 71113 68768 110752 31016 27203 87367 51971 5000 16031 31575 52479 39560 26401 42544 63127 69231 42190 74813 74148 74216 63891 70214 48466 68680 72062 36674 82006 77929 32062 78715 79076 40 93509 52839 54589 64133 96021 2000 91935 85726 85428 12083 42048 48301 66370 74277 71169 12042 79630 71694 74632 89051 81006 73007 77162 19416 71113 47424 52773 72835 30480 80156 52000 53151 57271 22361 53600 53600 67007 78230 25632 76400 82134 102450 45222 13000 24000 15000 29833 75186 49254 71169 32450 90078 12166 62769 54562 65765 55543 27295 6083 25080 68066 53075 82389 87321 59034 12369 86023 26000 77885 63063 77936 78026 12207 56939 25298 
24698 30067 61294 33541 53226 49477 89275 34205 26306 45222 35805 60745 68680 35777 27166 61612 51225 51245 68154 21587 0 32650 65765 35114 48042 93231 38897 16401 53160 49649 62769 45188 44598 25000 80281 89404 22136 27295 36715 50990 19105 24698 24207 50990 65924 61008 31385 32450 75286 49930 29069 35355 41340 85000 55902 36497 63246 15000 67231 28653 26907 14036 51078 63506 34176 36000 42426 58523 76381 30610 59414 92650 57271 45255 64815 32202 25612 41881 18028 23195 15264 63789 32202 27731 38897 49578 58549 67000 65856 28636 32650 58941 13038 80006 61847 99358 46690 35805 74250 64008 24021 29000 10050 50359 44147 26476 42000 72450 73437 41012 68710 78409 52631 42379 58412 33242 59169 79076 38328 61131 58523 43566 63891 57489 19647 85475 39825 34205 45310 83487 23537 82377 67978 78791 26683 43105 27803 76322 65000 53712 19105 58215 68659 57306 73239 60299 72443 78102 2236 56080 33302 52086 77647 15133 59841 36797 57871 35693 30232 34540 32140 46174 58052 31385 64815 72111 90785 42297 22472 28320 33242 28071 56859 29732 72062 32140 73783 33136 41593 40311 63789 34482 36235 27659 35847 72560 44777 61074 73000 38275 33061 65069 21954 56321 66189 65115 57428 28443 44045 31780 
43681 23537 33242 36346 55073 29967 57201 36056 56798 16031 8944 65299 62936 57219 18111 29155 18601 29732 38328 48703 32650 0 34482 12042 29833 62177 7280 16279 31623 32757 33734 43081 13000 42202 72007 58181 45695 34015 39623 19235 37000 38000 40050 61400 56851 42190 63285 9220 69354 21095 38328 56143 44147 53712 57801 18601 59548 38897 69642 50488 59548 26926 46530 64070 38601 23707 28320 35903 44045 44102 27203 62241 45277 13038 33541 44283 57983 60033 42485 18111 47381 44598 39812 9000 20616 17889 35468 52355 33838 13928 42000 48166 38626 74330 36014 67424 58464 68411 41869 66038 52924 45000 26627 34670 41340 30414 32650 68622 61587 31241 43000 65863 42802 38079 27313 2236 30414 70605 34482 39812 31257 50596 31241 46011 17088 56321 10 42048 17464 51225 50596 52000 37108 51478 57706 35609 38118 72863 35903 22561 38639 42012 47074 25962 40817 38079 53759 60745 33601 23431 5000 38013 66038 42720 35735 4472 50210 29732 62801 10630 25000 27019 33526 37855 33541 41785 58822 29000 54378 60959 63159 27893 27074 11402 55543 30083 41593 60729 41761 8544 44598 38328 43417 54120 68242 61294 21190 43267 40361 42579 61033 43863 53814 47011 54083 33015 34928 59034 13342 38833 
68768 43278 37014 53852 82765 49041 36014 67030 91000 32558 37054 93172 84581 91241 41773 9434 18028 46615 7071 83169 65765 34482 0 31401 30676 45177 31145 49659 47424 53141 34713 52811 28071 66708 90211 41304 72835 55606 55471 25000 63640 71701 73980 92266 76922 32140 97046 40200 89894 32894 71176 90094 57775 37656 85147 33302 83217 73376 95880 84723 92114 61400 52173 89844 70007 38013 53151 48021 24515 77318 20809 47676 43046 26019 26907 77162 89872 93343 70767 44822 79322 57689 72028 38079 46390 25710 23000 68264 22804 46271 61587 46011 73055 94414 42802 45398 90050 101356 22804 92445 87316 78638 57689 55362 69051 63198 59034 90874 78230 57871 46669 81025 44553 48466 26627 34928 34409 88837 63388 27166 14142 81222 13454 44045 46872 47170 33000 60539 21260 30017 85071 40162 3162 48549 91788 62169 60 94847 35355 12083 73007 36000 56080 8544 11180 25080 64661 71589 67082 15811 36497 58873 82098 72471 21024 31575 72801 44418 95880 31623 42802 29547 20025 70029 26907 34132 38013 54129 88102 93493 97499 60075 10 36620 68600 61008 9849 95210 54231 30067 57689 55570 75007 88600 101597 78549 41231 34132 17263 58138 95509 28862 85212 47170 72069 22023 24021 93231 30150 71028 
38588 14318 42190 27166 66573 41677 60836 46957 61131 25962 20809 76662 74967 65123 10817 29411 21190 41146 33106 54452 35114 12042 31401 0 18028 67357 17088 20100 42953 44654 42012 32016 21213 36715 84024 63246 42012 26571 30017 26019 32802 46872 48508 71868 68884 30871 66483 21213 81394 30594 48083 64195 34059 58822 69340 6708 71505 45100 81271 58034 60902 34059 34928 75802 49244 12369 40361 46819 47424 53367 32016 68154 33242 20025 39623 53852 58523 68884 39623 13454 48021 55946 49980 8000 32650 25000 25318 64140 38601 25239 33956 36125 44283 86371 45891 71113 68622 70235 45188 77666 58052 53759 26420 46615 53009 40497 44598 80623 73498 43186 52612 77698 30806 26926 34132 14213 39115 82620 46043 29120 23537 61327 33121 33971 15652 63506 20616 33541 10296 54562 56436 58249 33287 60008 61685 47508 31016 84865 44000 19799 46043 30232 57871 23345 40361 27659 65000 72090 36688 26000 17029 50 77936 41110 26077 14318 62241 19105 64846 1414 15033 15264 24021 48104 39623 48508 62650 41037 57585 62266 67912 38484 21954 5385 67082 41183 40311 66611 31257 17720 55946 29155 53852 60299 70682 73239 32650 31765 42190 33015 66753 33242 53824 35000 66030 37643 24515 63325 22561 49041 
41881 18439 55362 24759 84599 58412 65924 64885 74243 41340 38184 94668 92655 81216 21024 34059 31048 57428 28302 69065 48042 29833 30676 18028 0 74243 33422 35903 59076 61717 54406 22136 35847 39661 101316 70178 47011 28302 25612 38626 38484 63891 65253 89554 86313 13342 78262 39051 98995 45177 65552 80411 27295 66068 87367 12649 89376 60407 99298 73980 70880 50448 22023 93814 67082 12166 58000 62266 53235 70520 41593 76026 16125 34000 49649 71169 67676 85615 46098 25020 57974 71868 67624 25080 50210 38079 11662 80802 47170 43267 32527 19235 59211 103947 60008 75710 86163 80362 51157 95692 72007 70605 38118 63781 71028 58181 62482 98412 90427 61074 66129 94403 15297 17889 45607 31890 52202 99905 64070 13153 17000 79158 39013 17000 29155 73335 37014 31145 16155 59682 71063 67067 30871 71805 74431 65437 32202 102650 56045 24021 62169 12207 72897 26077 41761 12649 80623 87818 50010 34366 34713 67268 94810 49041 13601 31145 79931 15811 75432 19416 16763 2828 12728 65795 49649 58549 67897 58728 69721 72125 81222 56356 21378 21541 83217 59169 40497 81006 23707 33601 71868 26173 71589 75107 81492 90272 49204 13928 46530 28018 81000 17029 62626 18974 83096 46174 10296 76322 37736 66708 
105309 81609 33302 94112 81933 50478 10296 76276 113137 48010 57428 90521 73682 104862 77833 40200 46174 47434 50804 103276 93231 62177 45177 67357 74243 0 55073 77698 46325 53339 31113 95885 49244 103619 73027 4123 107787 93920 96540 42942 98899 86683 89499 95854 65924 77318 120967 60803 76105 43417 83600 103470 99825 8544 83169 72277 75710 94048 89822 100424 119633 82879 96255 84172 79322 78102 58822 42059 21024 89627 35468 4472 88023 49193 28653 88482 118811 103586 104657 79310 108467 45880 82662 70264 57315 44294 68118 54745 28792 65299 101242 91049 94795 79000 35511 10 95708 127664 23087 87321 108208 92201 88685 54589 72007 77337 63812 79404 62073 63514 31385 62032 89051 91082 34986 60902 34655 72007 70178 72339 59034 86313 35355 89022 79158 13038 53535 100688 60208 15297 104738 11402 46530 22361 114560 65863 98351 82152 29000 50488 91285 81099 40025 48166 34525 70257 46174 50040 93600 41485 60208 56365 64008 104809 66189 57706 66761 85147 122025 66731 82006 72443 65069 81025 28653 21260 8602 59641 112610 121037 118191 73756 53038 70937 51157 72007 36878 113569 96509 53712 45880 96047 83528 107056 126732 63127 50210 79310 28018 99464 114215 73824 115109 92000 59841 29732 69065 115261 49396 81841 
50961 30150 26077 43105 53852 25000 50448 36346 61911 9055 6083 64257 59666 60208 25000 24352 13601 24187 36056 53226 38897 7280 31145 17088 33422 55073 0 22804 25942 28320 26476 49041 5831 49477 67941 51108 52924 41110 46271 12207 44272 40608 42953 61814 53038 44688 68819 9055 65856 14000 40050 59034 50636 46648 56462 23770 56859 43382 67978 53852 65765 31305 52000 62177 39205 29411 25239 29732 37483 46174 20518 55036 49406 6403 26420 46043 64444 62201 49659 25318 53907 38910 41012 16125 17493 10817 36892 47434 27019 15133 49041 52431 43417 70767 29155 60605 59304 74411 35355 64405 57706 47518 33615 30414 39925 32062 30414 65605 57009 29069 36056 61033 47508 43966 20125 5831 23195 66528 33526 41617 31016 50804 25554 50220 24352 49041 3606 49000 18601 44598 55036 44777 34059 44283 62968 33541 45277 69814 28636 20100 42379 45277 40804 23000 35847 39661 47927 55036 39623 17889 5831 33941 61400 49739 36715 3000 47011 35903 68768 15811 31401 30610 34482 39013 26420 34540 52010 26077 60 67179 68000 29000 25495 18028 50120 30265 37000 65000 48052 1414 38910 45100 44181 58310 74027 56851 15811 46011 34409 49254 65391 45486 60440 51624 49679 26249 36620 64140 6083 40012 
31000 20809 46819 30232 52345 38013 73246 31828 41437 29967 20616 61620 64498 45398 15652 45222 34828 39051 52498 34366 16401 16279 49659 20100 35903 77698 22804 0 41049 39319 47927 40311 28601 30067 75153 73783 31575 25495 33838 35000 24000 28231 29411 54708 60008 49244 47413 17720 71197 34928 30529 44553 38833 69340 55172 23345 59908 25020 67179 38210 43278 14560 45343 62370 33302 25080 32757 46174 60208 34928 43278 77414 48301 29069 49092 35777 41725 49729 27893 12207 31145 53085 33015 12166 27019 33601 45044 58464 49820 16031 33242 50606 24187 76158 48270 83409 51000 52202 58052 63655 38079 34785 11402 40608 40224 24083 34540 69340 66408 33242 55317 71169 44418 36125 42720 17029 44385 73824 33287 48374 43566 45000 47508 48765 7810 70774 24187 34015 29833 67357 36346 67119 52000 64846 42154 36674 28460 73498 50160 37577 26306 47434 57035 41146 56859 47170 62201 68593 17493 39699 17493 43174 70838 27313 46000 20518 52326 27803 46615 19235 23022 33541 44011 31401 49092 56824 74813 32985 38471 44688 48083 23431 41110 15000 62801 27203 57454 46530 37643 24207 53085 31906 37202 40200 52154 65788 31401 49729 56639 36359 46690 52469 37643 48549 58822 49041 44102 43658 28302 32202 
72028 55082 14318 67683 38118 4243 46819 30 68600 17804 22804 48000 37162 58600 49477 38079 31401 2000 54120 58412 53160 31623 47424 42953 59076 46325 25942 41049 0 7280 17263 74673 23431 71000 43417 43417 72443 64630 71063 23022 65031 41037 43863 50695 29530 69426 76844 24187 42544 15000 37537 57201 75690 39812 40012 49659 36139 49930 49497 54489 77369 40311 77878 43417 33015 55154 12728 5385 38210 43417 27203 44204 75166 25495 25000 42202 77473 57306 68593 48662 68007 13000 36401 40262 14318 22804 60811 21932 29069 25179 72691 78230 51108 47170 10817 55009 49980 84380 37054 46271 63411 46098 52240 9055 26249 32016 17493 43463 31828 17205 16401 35468 73430 69642 21587 29411 15000 42012 23854 65765 53263 40497 35440 76007 46174 35384 22361 72993 43417 43174 59666 34986 50567 27019 70214 19698 68359 47424 18682 40608 46400 70605 16000 41881 45891 63640 22136 29155 52811 31765 26926 12042 36069 67268 60141 28636 25710 61351 78892 41629 56613 56303 58000 34828 25000 26571 47539 13454 69116 78715 73000 28601 46400 43012 24187 26173 48270 67882 73376 25554 13000 69635 37216 61555 82928 31890 10440 70937 40112 73980 68593 69311 74673 77524 25000 29155 60828 70605 21401 35609 
70178 55543 21587 67676 31016 4123 54083 23345 62968 21633 23854 41049 31906 51856 49769 43966 36235 7000 59615 52697 49649 32757 53141 44654 61717 53339 28320 39319 7280 0 24515 75584 27203 69354 39623 50537 70007 64031 71169 28231 63198 35000 37802 43417 24839 72863 71344 24166 37802 20248 31145 50448 75961 47011 33015 51313 30083 44721 42953 48104 72615 36139 79259 36878 26249 56436 7280 11402 45398 36797 33541 51039 77621 29411 32062 35468 73055 50249 66030 48384 64031 14142 29732 40719 12649 27731 64661 19698 36000 23345 72035 80604 46098 42638 17889 62169 42720 79177 44181 39623 57689 39598 50040 2236 18974 26420 10630 38079 28844 10630 22672 33121 75452 70661 28160 30529 22091 38210 17029 69527 57689 33242 41773 78409 45354 42012 24759 72533 46690 50448 53824 42059 56303 33242 64661 12530 67469 42190 25962 45277 40817 73593 19313 46957 52469 67476 23000 29275 49031 37336 27785 5831 33287 64281 64203 30610 19698 62169 73790 43267 57271 58898 62008 28284 32062 33838 54781 7616 63953 73926 67007 23259 51108 43829 23537 20248 54745 61620 73926 28284 14142 69570 30232 55444 77524 28601 12806 74250 47011 74000 62370 73246 70605 79630 21401 36014 64537 64900 25000 29000 
77369 56036 3000 69029 55326 20881 29967 46065 82024 18028 27313 65069 52393 74431 51245 25456 23409 17720 41773 72180 62769 33734 34713 42012 54406 31113 26476 47927 17263 24515 0 73553 21095 75928 56365 27659 79057 67476 72000 16125 70605 55803 58600 67912 44385 62177 89872 30414 56921 13000 53000 73062 76059 23601 57140 48166 52345 62936 66121 69635 88814 51856 75505 60075 49193 54148 28636 15133 21024 59169 14213 30 70228 22000 8544 58181 88204 73824 75611 51788 78032 23770 52355 42579 26249 17029 52839 34540 13000 34409 75326 73389 63702 61098 8544 38833 67052 96675 20025 63032 77104 61587 59237 26306 43417 46400 34176 58694 44283 33615 12207 46648 69642 68469 8944 32016 3606 55036 40311 57801 44102 57567 21401 71169 50695 22847 24042 75166 38328 25962 73661 19849 37643 18000 83451 36688 71701 62362 2236 31765 60208 64475 21401 31623 30463 55570 30 36878 62968 21095 30676 29069 47885 75240 51624 29428 42107 61074 91049 41000 57000 51923 49739 50606 8544 10 30887 29547 81566 90211 87115 42802 36892 44181 34132 41340 33106 82620 73171 25318 23770 71028 53712 76059 95671 44777 19105 63953 23770 75000 83241 60745 84723 73376 38897 13416 53235 84149 20396 51478 
28071 20248 73980 11705 92655 73007 87864 72139 68659 57974 52000 101863 104043 80957 26077 55731 51010 72801 50090 66483 45188 43081 52811 32016 22136 95885 49041 40311 74673 75584 73553 0 53151 26019 114057 91788 34059 18028 9055 57428 28443 67201 67676 94202 98793 26907 70349 51430 110680 62586 70292 80498 6708 87573 95483 25495 99810 59942 107490 73790 61008 53413 6083 102650 73553 19647 70328 78746 74967 73817 62000 97417 16553 51788 70007 75000 57009 86833 35057 28425 49366 87664 73000 34886 63063 56569 31906 95273 68066 53535 16125 16492 58138 115676 77878 97745 90211 70029 72835 103966 68007 72945 35847 77369 80281 64351 73498 109202 104235 72111 84528 108674 11662 5099 65192 45310 70859 112681 73246 30480 39000 85041 60531 16155 32558 94000 52498 14142 36014 81584 68352 88091 52924 91444 68250 76026 19105 113406 75425 45398 63285 22023 89844 47854 63891 31401 96799 103817 47424 55036 47927 80529 108706 39205 34132 46174 91526 13416 66030 33242 18358 23537 34000 71505 70007 79006 89822 70831 62968 62000 75505 63702 43417 31780 98615 67357 62626 77201 4000 49729 87664 11180 77233 72450 72007 103832 64257 25612 68447 9220 76922 32558 52000 13342 96649 67067 30529 70406 54571 72250 
56613 35000 21024 48000 55082 23431 44688 39000 67119 5657 9849 65521 59076 64288 30150 20224 10050 21932 33734 58181 44598 13000 28071 21213 35847 49244 5831 28601 23431 27203 21095 53151 0 55082 66528 45277 58694 46390 51039 6403 49980 44643 47127 64195 52010 46011 74202 13416 65000 9487 43566 63063 55227 40817 57567 27659 56824 48374 68710 58189 71421 36359 55660 62769 42012 33541 25632 26420 31828 49820 14866 49244 51971 2236 20591 49497 70178 65765 55462 30806 59666 36056 44181 21587 18439 5000 37537 45343 21260 19313 54231 55073 48549 69814 24739 54818 62008 79981 29732 65192 62769 51420 39446 29411 41231 35693 31321 65192 55172 30083 31401 58898 50567 48052 14318 11662 18000 65115 35355 42450 30529 53151 20616 52839 30083 43417 5385 54083 20 38897 59942 39000 31145 39051 68242 34482 50636 69340 23195 18385 47011 47202 37162 20616 31321 40361 44777 51971 45255 13342 11314 33015 59464 55570 37014 8544 46648 40311 74330 20100 36056 33121 34828 42190 20591 28792 46228 26571 65437 72835 73062 32388 24166 23087 47434 33015 32757 69778 52469 4472 36056 50 47011 63071 79511 55154 14422 47508 29155 54037 70214 46098 66219 54562 48104 20518 37483 69340 2236 43186 
