0.000 34.713 50.289 62.169 41.049 21.932 33.121 60.033 29.428 51.884 41.304 26.420 48.166 48.384 46.690 14.318 13.601 26.173 49.578 33.302 48.662 49.930 65.299 40.608 15.652 29.155 65.192 27.459 57.280 5.000 71.554 51.000 41.231 31.113 37.643 47.011 40.497 65.734 38.079 34.000 54.745 49.518 75.664 35.440 38.601 44.407 55.027 30.083 20.248 53.852 61.008 50.220 27.019 34.655 27.459 46.011 61.465 38.897 31.890 23.345 72.422 7.616 55.902 58.310 23.345 41.110 24.021 30.083 20.248 49.366 26.173 43.278 32.249 36.770 16.125 55.154 55.543 46.174 10.296 47.676 
34.713 0.000 16.125 71.470 63.071 54.626 23.537 74.250 53.075 78.568 56.080 49.649 29.069 25.060 39.000 47.011 45.011 12.806 44.011 30.364 14.036 34.928 51.546 40.025 41.593 11.180 88.730 44.688 64.560 29.833 71.028 77.897 68.680 57.974 62.241 17.464 29.000 62.032 26.019 41.146 20.100 27.074 63.891 17.000 26.401 43.738 78.645 57.009 15.000 58.694 28.160 71.840 32.757 19.235 57.454 62.434 28.018 64.514 29.732 57.079 66.483 41.195 21.213 76.322 20.591 57.140 58.310 63.008 20.518 19.849 12.806 40.447 39.357 7.000 33.422 32.757 20.881 70.036 33.121 19.849 
50.289 16.125 0.000 84.095 73.498 70.682 36.359 87.983 68.884 94.366 70.605 61.522 26.401 30.067 49.041 61.660 59.414 28.425 54.120 43.566 7.000 42.426 57.035 52.326 55.009 26.173 104.005 60.108 76.968 45.541 80.604 93.723 80.753 70.349 77.987 10.630 39.560 71.021 37.162 55.218 8.485 22.472 69.181 28.653 29.682 55.543 94.048 73.007 30.083 70.774 20.616 87.046 47.508 24.698 73.573 77.006 12.042 76.118 43.267 71.847 74.243 56.294 8.602 90.802 32.062 71.840 73.348 77.318 36.401 21.024 28.425 52.000 53.600 14.036 49.406 36.125 6.325 85.586 49.244 23.022 
62.169 71.470 84.095 0.000 101.242 53.852 48.104 10.050 36.235 39.000 21.190 87.641 99.040 57.201 36.401 71.512 72.732 59.666 31.890 41.110 77.827 45.343 42.485 31.780 77.369 60.440 35.000 34.713 7.211 61.400 20.224 39.395 97.494 89.694 33.971 88.865 44.777 24.739 46.957 31.257 81.633 97.985 41.593 55.543 92.655 28.653 31.321 40.224 68.359 13.601 77.466 25.942 40.311 85.988 46.615 18.601 95.294 97.170 41.761 73.824 30.067 66.761 83.006 18.248 78.102 21.932 71.694 80.262 54.452 66.287 59.666 32.249 33.242 78.160 47.170 55.866 85.088 31.064 52.469 63.514 
41.049 63.071 73.498 101.242 0.000 49.497 72.139 97.268 65.521 80.006 80.056 14.866 55.036 84.629 87.207 29.732 28.636 61.400 90.427 73.756 75.611 89.140 105.380 81.609 25.612 63.820 95.000 67.119 97.170 44.045 112.379 79.006 12.042 12.042 71.021 64.938 79.906 106.780 77.104 74.947 80.957 59.000 116.276 72.007 46.098 85.446 86.145 63.151 49.930 94.366 91.000 83.863 68.007 49.031 57.559 83.522 80.753 7.211 72.346 30.000 113.464 34.886 81.609 93.557 42.544 79.379 33.015 26.683 58.694 82.365 61.400 84.202 73.246 60.407 57.140 92.201 79.812 78.518 51.313 81.633 
21.932 54.626 70.682 53.852 49.497 0.000 45.011 48.466 17.804 32.016 33.422 38.118 70.036 62.000 52.811 21.213 23.537 43.681 53.712 41.593 68.007 59.228 71.309 44.385 30.364 46.573 46.530 24.187 51.225 25.807 68.593 31.048 44.011 37.483 21.587 68.505 50.488 65.605 49.163 35.341 74.000 71.449 79.259 50.249 60.308 46.957 37.054 13.928 41.340 50.210 78.262 34.366 33.541 56.586 8.062 35.355 82.298 44.385 40.447 20.248 72.801 20.125 75.273 44.147 45.255 32.202 17.889 26.420 35.903 65.620 43.681 47.539 34.540 57.801 24.021 67.268 75.392 29.069 21.840 63.388 
33.121 23.537 36.359 48.104 72.139 45.011 0.000 51.624 36.401 60.902 34.655 57.315 52.086 17.029 16.763 47.413 46.648 13.342 21.378 7.211 30.610 17.029 33.422 16.492 46.861 13.000 68.768 26.401 41.110 28.844 48.094 60.415 74.061 63.600 44.721 40.804 7.810 39.623 5.000 19.105 35.355 50.488 44.944 7.810 47.381 20.224 59.203 41.761 25.080 35.171 35.341 51.856 13.000 40.200 44.553 41.037 48.010 71.218 7.071 55.714 44.922 40.706 36.770 54.672 35.468 36.069 55.660 62.769 13.454 22.361 13.342 17.029 17.692 30.414 21.095 22.561 38.288 51.313 25.000 19.698 
60.033 74.250 87.983 10.050 97.268 48.466 51.624 0.000 31.780 29.530 19.235 84.345 100.578 62.936 42.521 67.683 69.231 61.847 38.601 44.418 82.098 51.856 51.264 36.235 74.545 63.071 25.020 33.136 14.866 60.075 30.265 30.017 92.477 85.440 27.295 91.706 49.679 34.366 51.400 33.106 86.400 99.960 51.352 59.363 93.392 33.941 21.541 34.540 69.123 20.591 83.439 17.029 41.785 87.092 40.719 14.036 99.569 92.655 44.777 68.710 40.012 63.640 87.801 8.246 78.262 19.026 66.310 74.733 55.660 71.589 61.847 37.483 34.928 80.623 46.390 62.626 89.627 22.627 51.088 68.768 
29.428 53.075 68.884 36.235 65.521 17.804 36.401 31.780 0.000 25.495 15.620 52.612 74.793 52.887 39.115 35.903 37.483 40.460 38.833 30.806 64.637 47.043 56.515 30.150 43.046 42.802 36.715 10.198 33.422 30.676 50.931 24.839 61.270 53.759 9.220 69.426 39.623 48.549 39.294 21.024 70.178 75.166 63.159 43.382 66.212 31.780 26.420 6.083 43.267 32.650 71.694 20.881 23.409 60.902 11.662 18.028 80.920 61.098 30.083 37.590 55.758 32.062 71.561 29.017 50.567 14.422 35.511 44.102 32.558 58.694 40.460 33.242 21.024 58.052 19.849 56.569 72.422 17.493 22.361 56.080 
51.884 78.568 94.366 39.000 80.006 32.016 60.902 29.530 25.495 0.000 29.428 69.871 99.298 76.557 59.666 53.151 55.543 65.947 57.706 54.562 90.000 68.680 74.108 50.961 62.362 68.250 15.033 34.670 41.000 54.378 58.822 1.000 72.443 68.029 16.401 94.795 62.769 60.671 63.071 43.081 95.441 100.000 77.414 68.264 90.211 50.990 8.485 22.204 68.250 44.181 96.177 13.342 48.021 85.446 24.698 25.000 106.405 74.061 54.120 50.010 67.268 51.865 96.835 21.633 74.626 27.459 47.000 54.231 58.052 83.241 65.947 53.600 43.863 83.451 45.255 79.057 97.801 10.198 47.011 80.529 
41.304 56.080 70.605 21.190 80.056 33.422 34.655 19.235 15.620 29.428 0.000 66.483 81.597 48.549 30.364 50.329 51.546 43.417 28.284 27.586 65.192 39.560 45.011 21.932 56.294 44.944 34.409 14.000 17.804 41.000 35.468 29.275 76.538 68.542 16.763 73.430 34.670 34.015 35.609 15.556 70.007 81.154 49.729 42.450 74.216 21.587 25.495 20.616 50.000 17.493 68.819 17.889 23.324 68.007 26.907 6.403 82.462 76.059 27.586 53.000 41.146 45.607 71.421 20.248 59.034 2.000 51.039 59.641 36.770 56.223 43.417 24.352 17.029 62.177 27.166 50.160 72.918 19.235 32.000 53.413 
26.420 49.649 61.522 87.641 14.866 38.118 57.315 84.345 52.612 69.871 66.483 0.000 46.840 70.178 72.346 17.000 15.133 46.872 75.604 58.898 62.817 74.330 90.521 66.851 10.817 49.396 84.593 53.141 83.217 29.206 97.949 68.884 19.235 9.055 59.034 54.000 65.069 92.114 62.290 60.415 68.447 50.220 101.415 57.428 36.878 70.725 75.166 51.039 35.777 80.112 77.795 72.028 53.254 38.013 46.043 70.406 70.000 14.866 57.489 21.471 98.737 20.881 69.231 81.302 29.614 65.970 24.597 21.932 43.863 68.447 46.872 69.405 58.669 47.854 42.544 77.666 67.742 67.007 36.715 67.535 
48.166 29.069 26.401 99.040 55.036 70.036 52.086 100.578 74.793 99.298 81.597 46.840 0.000 52.887 68.029 54.083 51.313 39.459 73.007 58.421 32.249 63.789 80.050 68.359 44.777 39.115 111.508 68.542 92.396 45.000 100.000 98.473 64.777 55.785 83.863 15.811 58.034 91.088 55.009 67.912 34.828 4.472 92.418 46.043 10.296 72.250 101.213 77.104 31.780 86.833 47.011 95.258 58.941 13.892 75.432 87.664 28.178 59.540 57.559 63.632 95.525 51.088 34.713 101.390 24.839 82.280 66.038 67.119 44.922 45.310 39.459 69.116 65.970 22.091 55.462 60.083 31.828 92.282 52.479 46.487 
48.384 25.060 30.067 57.201 84.629 62.000 17.029 62.936 52.887 76.557 48.549 70.178 52.887 0.000 20.809 62.626 61.465 23.324 25.554 22.136 23.087 12.649 27.295 27.019 60.415 20.809 82.928 42.720 50.000 43.658 50.961 76.158 88.119 77.414 60.745 38.328 13.892 41.231 13.601 33.541 25.298 50.010 39.623 13.000 51.430 29.000 73.926 58.464 34.828 43.600 20.518 66.370 29.614 44.294 61.522 54.644 39.560 84.723 22.804 71.568 44.181 55.973 26.571 67.476 43.863 50.249 71.805 78.447 28.160 9.487 23.324 25.456 32.696 31.385 38.013 7.810 29.120 66.641 41.437 7.071 
46.690 39.000 49.041 36.401 87.207 52.811 16.763 42.521 39.115 59.666 30.364 72.346 68.029 20.809 0.000 60.440 60.208 30.083 5.099 13.454 42.379 9.434 18.868 9.000 61.620 29.428 63.953 29.428 29.206 43.186 32.062 59.439 87.864 77.795 45.177 55.444 10.000 23.087 13.038 18.111 45.618 66.030 29.069 22.000 63.953 8.944 55.714 45.177 41.785 22.804 41.110 48.104 20.248 56.719 49.820 35.847 59.615 85.563 14.866 67.417 28.160 53.907 46.957 47.707 52.202 32.280 66.731 74.626 29.155 30.017 30.083 6.083 18.439 46.000 31.623 20.248 49.244 49.477 37.014 27.295 
14.318 47.011 61.660 71.512 29.732 21.213 47.413 67.683 35.903 53.151 50.329 17.000 54.083 62.626 60.440 0.000 2.828 40.025 62.968 47.202 61.033 64.140 79.202 53.740 10.000 42.953 67.742 37.590 67.543 18.974 83.217 52.173 27.586 18.358 42.048 56.613 54.708 78.243 52.355 46.228 67.067 56.436 89.196 49.649 43.829 57.315 58.215 34.059 32.016 65.000 74.330 55.036 40.361 42.048 29.069 53.852 72.035 26.077 45.804 10.198 85.147 6.708 68.118 64.382 31.016 49.649 12.083 16.125 34.540 63.151 40.025 56.586 44.688 47.676 29.000 69.462 67.365 50.010 23.431 61.612 
13.601 45.011 59.414 72.732 28.636 23.537 46.648 69.231 37.483 55.543 51.546 15.133 51.313 61.465 60.208 2.828 0.000 38.601 62.936 46.861 59.000 63.514 78.873 53.814 7.211 41.485 70.036 38.484 68.542 17.889 83.863 54.571 27.659 17.804 44.000 54.120 54.083 78.600 51.624 46.615 65.008 53.712 89.107 48.466 41.049 57.489 60.407 36.000 30.017 65.765 72.560 57.000 40.311 39.395 31.257 55.317 69.635 25.612 45.453 12.649 85.428 6.403 66.030 66.189 28.460 50.961 14.765 18.000 33.541 61.612 38.601 56.586 45.000 45.398 29.069 68.447 65.192 52.086 23.345 60.166 
26.173 12.806 28.425 59.666 61.400 43.681 13.342 61.847 40.460 65.947 43.417 46.872 39.459 23.324 30.083 40.025 38.601 0.000 34.713 19.026 24.597 28.844 45.793 29.017 37.121 3.000 75.928 31.890 52.953 21.213 61.294 65.299 64.846 54.120 49.578 30.017 20.616 52.953 17.464 28.792 30.463 38.328 57.706 10.630 34.132 33.000 65.856 44.654 12.207 47.381 35.057 59.034 20.125 27.019 45.618 49.739 40.460 61.400 18.111 49.497 58.241 33.541 31.780 63.632 22.361 44.418 50.160 56.089 8.062 23.195 0.000 30.067 26.926 18.788 21.095 30.806 32.249 57.280 21.840 21.587 
49.578 44.011 54.120 31.890 90.427 53.712 21.378 38.601 38.833 57.706 28.284 75.604 73.007 25.554 5.099 62.968 62.936 34.713 0.000 17.000 47.434 13.454 17.720 9.434 64.815 34.234 60.926 29.732 24.759 46.400 27.019 57.559 90.521 80.660 44.011 60.531 15.033 18.248 18.000 18.385 50.567 71.063 26.249 27.019 68.731 7.071 53.160 44.911 46.174 18.385 45.607 45.607 22.627 61.522 50.000 33.242 64.622 88.459 18.358 69.405 23.770 56.569 51.894 44.294 56.613 30.265 68.505 76.609 33.106 34.886 34.713 6.403 19.235 51.010 33.971 24.083 54.231 47.518 39.598 32.202 
33.302 30.364 43.566 41.110 73.756 41.593 7.211 44.418 30.806 54.562 27.586 58.898 58.421 22.136 13.454 47.202 46.861 19.026 17.000 0.000 37.802 17.720 32.016 10.000 48.166 19.416 61.847 20.616 34.205 29.732 42.579 54.129 74.518 64.382 38.626 47.760 9.000 34.785 8.544 12.042 42.450 57.070 42.521 15.000 53.038 14.036 52.431 36.497 29.614 28.443 41.677 45.000 8.062 46.000 40.012 33.941 55.218 72.139 1.414 54.589 40.719 40.608 43.863 47.508 40.025 29.069 54.129 61.774 16.155 28.844 19.026 11.402 10.817 37.108 18.788 26.019 45.453 44.777 23.854 26.077 
48.662 14.036 7.000 77.827 75.611 68.007 30.610 82.098 64.637 90.000 65.192 62.817 32.249 23.087 42.379 61.033 59.000 24.597 47.434 37.802 0.000 35.511 50.040 46.141 55.326 21.954 99.005 55.444 70.661 43.738 73.756 89.404 82.000 71.386 73.600 16.553 33.106 64.133 30.887 49.679 6.083 28.636 62.201 22.804 33.971 49.193 89.196 69.116 29.017 64.405 15.811 82.037 42.450 28.018 70.214 71.589 17.493 77.621 37.643 71.113 67.268 55.227 7.280 85.276 33.242 66.528 72.339 77.000 32.650 14.036 24.597 45.618 48.166 15.232 45.651 29.155 7.810 80.920 46.239 16.031 
49.930 34.928 42.426 45.343 89.140 59.228 17.029 51.856 47.043 68.680 39.560 74.330 63.789 12.649 9.434 64.140 63.514 28.844 13.454 17.720 35.511 0.000 17.000 17.720 63.891 27.295 73.355 37.000 38.210 45.804 38.328 68.411 91.022 80.604 53.759 50.010 9.434 28.636 12.042 26.173 37.947 61.294 29.155 18.788 61.033 18.358 65.000 53.009 41.049 31.828 32.202 57.385 25.710 53.759 57.140 45.188 52.202 88.238 18.974 72.014 32.000 57.454 39.217 57.140 51.108 41.437 71.694 79.158 30.480 22.136 28.844 15.232 26.019 41.773 36.401 10.817 41.761 58.523 41.146 19.647 
65.299 51.546 57.035 42.485 105.380 71.309 33.422 51.264 56.515 74.108 45.011 90.521 80.050 27.295 18.868 79.202 78.873 45.793 17.720 32.016 50.040 17.000 0.000 26.926 79.906 44.294 75.432 47.434 36.401 61.555 28.425 74.061 106.527 96.333 61.294 65.620 25.612 19.105 28.601 36.056 51.157 77.279 12.369 35.777 77.833 24.739 68.731 62.586 57.983 31.048 42.450 61.400 39.115 70.576 67.720 49.163 65.376 104.062 33.422 86.284 18.788 72.622 52.240 58.241 68.096 47.011 85.586 93.493 46.755 36.014 45.793 23.770 36.770 58.241 50.478 21.024 55.145 64.031 55.803 34.132 
40.608 40.025 52.326 31.780 81.609 44.385 16.492 36.235 30.150 50.961 21.932 66.851 68.359 27.019 9.000 53.740 53.814 29.017 9.434 10.000 46.141 17.720 26.926 0.000 56.036 29.275 56.080 20.616 24.698 37.736 32.757 50.695 81.320 71.589 36.222 57.280 13.454 25.495 15.264 9.220 50.220 66.910 35.609 23.770 63.032 4.123 47.424 36.222 39.459 18.682 47.508 39.812 13.601 56.000 41.000 27.785 63.632 79.398 11.045 60.000 31.906 47.424 51.614 40.460 49.820 23.770 59.076 67.201 25.710 35.384 29.017 3.162 9.849 46.872 24.759 28.231 53.535 40.804 30.480 32.558 
15.652 41.593 55.009 77.369 25.612 30.364 46.861 74.545 43.046 62.362 56.294 10.817 44.777 60.415 61.620 10.000 7.211 37.121 64.815 48.166 55.326 63.891 79.906 56.036 0.000 39.812 76.688 42.720 72.732 18.439 87.207 61.400 27.731 17.000 50.160 48.836 54.562 81.302 51.856 49.649 61.205 47.424 90.686 47.508 34.482 59.908 66.910 42.190 26.926 69.462 69.635 63.127 42.438 33.526 37.855 60.531 64.630 24.413 46.755 18.868 87.920 11.000 62.129 72.007 23.195 55.902 21.401 22.804 33.422 59.464 37.121 58.600 47.885 41.000 31.765 67.742 61.008 58.421 25.942 58.310 
29.155 11.180 26.173 60.440 63.820 46.573 13.000 63.071 42.802 68.250 44.944 49.396 39.115 20.809 29.428 42.953 41.485 3.000 34.234 19.416 21.954 27.295 44.294 29.275 39.812 0.000 77.897 33.941 53.600 24.187 61.074 67.624 67.543 56.798 51.856 28.636 19.647 52.469 16.492 29.967 27.731 37.656 56.365 8.602 34.525 33.136 67.897 47.170 14.142 47.854 32.062 60.959 21.633 27.295 48.332 51.313 38.210 64.008 18.682 52.469 57.489 36.497 29.069 65.192 23.854 46.043 53.151 59.034 10.770 20.224 3.000 30.017 28.178 17.720 23.707 28.425 29.682 59.414 24.739 18.682 
65.192 88.730 104.005 35.000 95.000 46.530 68.768 25.020 36.715 15.033 34.409 84.593 111.508 82.928 63.953 67.742 70.036 75.928 60.926 61.847 99.005 73.355 75.432 56.080 76.688 77.897 0.000 44.045 39.459 67.119 55.082 16.031 87.464 83.006 27.731 105.603 69.065 59.304 70.000 49.820 104.062 111.830 76.322 76.485 102.859 55.009 10.296 35.114 79.925 44.385 103.228 16.971 56.569 97.617 38.833 28.302 116.000 89.090 61.717 65.000 65.031 65.970 105.475 17.263 87.207 32.802 62.008 69.260 68.411 90.604 75.928 58.181 51.088 94.202 56.303 84.119 106.794 19.235 59.059 87.801 
27.459 44.688 60.108 34.713 67.119 24.187 26.401 33.136 10.198 34.670 14.000 53.141 68.542 42.720 29.428 37.590 38.484 31.890 29.732 20.616 55.444 37.000 47.434 20.616 42.720 33.941 44.045 0.000 30.083 27.000 45.804 34.132 64.637 55.946 18.358 61.612 29.428 41.773 29.120 11.402 60.803 68.425 55.073 33.615 60.729 22.847 33.971 16.031 36.770 27.459 61.741 27.203 13.416 54.781 20.396 19.416 72.139 63.632 19.925 41.773 48.918 32.311 62.201 32.894 45.354 14.142 40.311 48.795 24.413 48.754 31.890 23.770 11.045 50.220 13.342 46.390 63.253 25.495 18.000 46.098 
57.280 64.560 76.968 7.211 97.170 51.225 41.110 14.866 33.422 41.000 17.804 83.217 92.396 50.000 29.206 67.543 68.542 52.953 24.759 34.205 70.661 38.210 36.401 24.698 72.732 53.600 39.459 30.083 0.000 56.089 18.358 41.231 94.154 85.866 33.015 81.908 37.590 20.000 39.812 25.000 74.431 91.220 37.014 48.466 86.284 21.471 34.132 38.184 62.073 6.403 70.292 27.659 34.015 79.511 44.553 17.493 88.119 93.477 34.928 70.725 26.306 62.394 75.802 22.204 72.000 19.105 68.819 77.421 48.094 59.076 52.953 25.060 27.000 71.309 41.773 48.795 77.897 31.953 47.297 56.303 
5.000 29.833 45.541 61.400 44.045 25.807 28.844 60.075 30.676 54.378 41.000 29.206 45.000 43.658 43.186 18.974 17.889 21.213 46.400 29.732 43.738 45.804 61.555 37.736 18.439 24.187 67.119 27.000 56.089 0.000 69.462 53.535 45.222 34.828 39.395 42.720 36.401 63.135 33.838 31.953 49.820 46.011 72.250 30.676 35.847 41.677 56.859 32.249 15.652 52.202 56.009 51.546 24.187 31.241 30.480 46.174 56.859 42.521 28.320 28.284 69.642 12.369 50.990 59.034 20.248 41.049 29.017 34.928 15.652 44.407 21.213 40.224 30.083 32.202 14.318 50.567 50.695 47.927 9.000 42.755 
71.554 71.028 80.604 20.224 112.379 68.593 48.094 30.265 50.931 58.822 35.468 97.949 100.000 50.961 32.062 83.217 83.863 61.294 27.019 42.579 73.756 38.328 28.425 32.757 87.207 61.074 55.082 45.804 18.358 69.462 0.000 59.135 110.436 101.548 51.313 87.464 42.048 9.849 45.011 37.577 76.243 98.082 23.259 54.037 95.425 28.636 51.420 56.080 72.180 18.439 69.354 45.541 45.541 88.278 62.370 35.847 90.521 109.293 43.738 87.459 11.180 77.524 77.492 38.471 82.565 37.014 85.796 94.366 58.464 60.440 61.294 31.257 39.395 78.026 55.462 47.011 80.081 50.160 61.270 57.974 
51.000 77.897 93.723 39.395 79.006 31.048 60.415 30.017 24.839 1.000 29.275 68.884 98.473 76.158 59.439 52.173 54.571 65.299 57.559 54.129 89.404 68.411 74.061 50.695 61.400 67.624 16.031 34.132 41.231 53.535 59.135 0.000 71.449 67.030 15.811 94.069 62.394 60.828 62.650 42.720 94.868 99.202 77.524 67.742 89.359 50.804 9.220 21.401 67.476 44.283 95.713 13.601 47.508 84.629 23.770 25.020 105.759 73.062 53.666 49.010 67.469 50.922 96.260 22.204 73.783 27.295 46.000 53.235 57.385 82.765 65.299 53.367 43.463 82.735 44.553 78.746 97.201 10.050 46.228 80.062 
41.231 68.680 80.753 97.494 12.042 44.011 74.061 92.477 61.270 72.443 76.538 19.235 64.777 88.119 87.864 27.586 27.659 64.846 90.521 74.518 82.000 91.022 106.527 81.320 27.731 67.543 87.464 64.637 94.154 45.222 110.436 71.449 0.000 10.770 65.460 73.062 81.609 105.759 79.057 73.756 87.664 68.469 116.726 75.180 55.227 84.900 79.246 57.940 54.424 92.087 96.840 77.885 67.897 57.035 51.865 79.202 89.051 5.385 73.110 23.770 112.699 33.971 88.459 87.932 48.836 75.591 26.249 18.248 60.745 87.092 64.846 84.149 72.250 67.082 56.569 95.383 86.977 72.277 50.931 86.006 
31.113 57.974 70.349 89.694 12.042 37.483 63.600 85.440 53.759 68.029 68.542 9.055 55.785 77.414 77.795 18.358 17.804 54.120 80.660 64.382 71.386 80.604 96.333 71.589 17.000 56.798 83.006 55.946 85.866 34.828 101.548 67.030 10.770 0.000 59.034 63.008 71.218 96.400 68.600 64.405 77.104 59.228 106.775 64.498 45.891 75.286 74.108 51.196 43.658 83.355 86.128 71.847 58.052 47.043 45.541 71.784 79.006 7.810 62.968 18.028 103.233 24.207 77.929 81.584 38.328 67.779 21.095 15.652 50.220 76.322 54.120 74.330 62.801 56.569 46.861 84.723 76.531 66.483 41.110 75.240 
37.643 62.241 77.987 33.971 71.021 21.587 44.721 27.295 9.220 16.401 16.763 59.034 83.863 60.745 45.177 42.048 44.000 49.578 44.011 38.626 73.600 53.759 61.294 36.222 50.160 51.856 27.731 18.358 33.015 39.395 51.313 15.811 65.460 59.034 0.000 78.645 47.127 50.695 47.170 27.659 79.057 84.315 66.483 51.971 75.133 37.000 17.464 8.000 52.431 34.015 80.056 13.000 31.765 69.971 13.601 15.620 90.028 65.970 38.079 41.761 57.775 39.205 80.449 22.561 59.481 14.866 39.217 47.539 41.725 67.082 49.578 39.115 28.160 67.268 29.069 63.789 81.400 8.544 31.385 64.405 
47.011 17.464 10.630 88.865 64.938 68.505 40.804 91.706 69.426 94.795 73.430 54.000 15.811 38.328 55.444 56.613 54.120 30.017 60.531 47.760 16.553 50.010 65.620 57.280 48.836 28.636 105.603 61.612 81.908 42.720 87.464 94.069 73.062 63.008 78.645 0.000 45.541 78.160 42.755 58.600 19.105 12.083 77.929 33.734 19.698 60.877 95.425 72.835 27.203 75.961 31.241 88.814 50.120 16.031 72.471 79.756 16.000 68.184 47.170 66.761 82.006 52.000 19.105 93.648 25.710 74.431 68.622 71.589 37.202 30.083 30.017 57.489 56.798 11.402 49.578 45.122 16.401 86.683 48.166 31.575 
40.497 29.000 39.560 44.777 79.906 50.488 7.810 49.679 39.623 62.769 34.670 65.069 58.034 13.892 10.000 54.708 54.083 20.616 15.033 9.000 33.106 9.434 25.612 13.454 54.562 19.647 69.065 29.428 37.590 36.401 42.048 62.394 81.609 71.218 47.127 45.541 0.000 33.061 3.162 19.698 36.892 56.036 37.216 12.000 54.129 16.125 60.033 45.398 32.650 31.305 34.205 52.479 17.029 46.872 49.010 40.804 50.537 78.873 10.050 62.650 37.855 48.021 38.275 53.814 42.953 36.359 62.394 69.778 21.213 21.932 20.616 12.530 18.974 36.000 27.203 17.029 40.311 52.802 31.780 19.105 
65.734 62.032 71.021 24.739 106.780 65.605 39.623 34.366 48.549 60.671 34.015 92.114 91.088 41.231 23.087 78.243 78.600 52.953 18.248 34.785 64.133 28.636 19.105 25.495 81.302 52.469 59.304 41.773 20.000 63.135 9.849 60.828 105.759 96.400 50.695 78.160 33.061 0.000 36.125 32.016 66.483 89.000 17.029 45.044 86.977 21.471 54.083 54.203 64.288 16.763 59.506 47.381 38.949 79.762 60.208 36.139 80.777 104.202 36.056 83.439 7.211 72.201 67.720 42.107 74.726 35.847 82.073 90.521 50.922 50.695 52.953 23.409 33.601 69.029 49.649 37.162 70.342 51.196 55.471 48.270 
38.079 26.019 37.162 46.957 77.104 49.163 5.000 51.400 39.294 63.071 35.609 62.290 55.009 13.601 13.038 52.355 51.624 17.464 18.000 8.544 30.887 12.042 28.601 15.264 51.856 16.492 70.000 29.120 39.812 33.838 45.011 62.650 79.057 68.600 47.170 42.755 3.162 36.125 0.000 20.248 35.000 53.085 40.311 9.055 50.990 18.385 60.745 44.911 29.530 33.615 33.287 53.254 16.125 43.738 48.166 41.869 48.374 76.217 9.220 60.539 41.000 45.651 36.401 55.154 39.812 37.202 60.407 67.624 18.439 20.616 17.464 14.866 19.235 33.015 25.495 18.111 38.275 53.235 29.732 17.804 
34.000 41.146 55.218 31.257 74.947 35.341 19.105 33.106 21.024 43.081 15.556 60.415 67.912 33.541 18.111 46.228 46.615 28.792 18.385 12.042 49.679 26.173 36.056 9.220 49.649 29.967 49.820 11.402 25.000 31.953 37.577 42.720 73.756 64.405 27.659 58.600 19.698 32.016 20.248 0.000 54.452 67.052 44.102 26.907 61.400 11.662 40.497 27.074 37.121 20.396 53.535 33.015 9.055 54.745 31.780 21.932 67.007 72.201 12.042 51.740 38.949 40.224 55.866 35.609 47.000 17.029 50.606 58.898 23.195 40.804 28.792 12.369 2.000 47.539 17.889 36.139 57.385 33.106 23.707 38.013 
54.745 20.100 8.485 81.633 80.957 74.000 35.355 86.400 70.178 95.441 70.007 68.447 34.828 25.298 45.618 67.067 65.008 30.463 50.567 42.450 6.083 37.947 51.157 50.220 61.205 27.731 104.062 60.803 74.431 49.820 76.243 94.868 87.664 77.104 79.057 19.105 36.892 66.483 35.000 54.452 0.000 30.806 63.008 27.586 38.013 53.000 94.366 74.793 35.057 68.096 12.207 87.115 47.634 32.650 76.059 76.381 14.318 83.199 42.426 77.162 69.051 61.294 1.414 89.939 38.833 71.421 78.409 83.006 38.484 15.811 30.463 49.396 53.038 20.616 51.430 30.150 4.000 86.215 52.202 18.385 
49.518 27.074 22.472 97.985 59.000 71.449 50.488 99.960 75.166 100.000 81.154 50.220 4.472 50.010 66.030 56.436 53.712 38.328 71.063 57.070 28.636 61.294 77.279 66.910 47.424 37.656 111.830 68.425 91.220 46.011 98.082 99.202 68.469 59.228 84.315 12.083 56.036 89.000 53.085 67.052 30.806 0.000 89.627 44.045 13.342 70.711 101.548 77.801 31.906 85.510 43.012 95.383 58.189 14.866 76.485 87.321 23.707 63.285 56.294 66.189 93.193 53.009 30.610 101.134 26.249 81.939 68.476 70.007 44.385 42.059 38.328 67.476 65.146 20.100 55.570 57.009 27.659 92.650 53.009 43.417 
75.664 63.891 69.181 41.593 116.276 79.259 44.944 51.352 63.159 77.414 49.729 101.415 92.418 39.623 29.069 89.196 89.107 57.706 26.249 42.521 62.201 29.155 12.369 35.609 90.686 56.365 76.322 55.073 37.014 72.250 23.259 77.524 116.726 106.775 66.483 77.929 37.216 17.029 40.311 44.102 63.008 89.627 0.000 47.927 90.139 32.450 71.028 69.080 69.836 33.242 53.600 64.195 48.836 82.873 74.733 52.612 77.104 114.560 43.932 95.603 12.083 82.759 64.031 59.135 80.062 51.662 94.626 102.801 58.009 48.166 57.706 32.650 45.222 70.605 60.208 33.061 67.007 67.742 65.795 46.390 
35.440 17.000 28.653 55.543 72.007 50.249 7.810 59.363 43.382 68.264 42.450 57.428 46.043 13.000 22.000 49.649 48.466 10.630 27.019 15.000 22.804 18.788 35.777 23.770 47.508 8.602 76.485 33.615 48.466 30.676 54.037 67.742 75.180 64.498 51.971 33.734 12.000 45.044 9.055 26.907 27.586 44.045 47.927 0.000 42.450 27.203 66.843 48.466 22.672 42.379 28.460 59.548 20.248 35.171 50.695 48.836 40.224 71.868 14.866 58.694 49.649 43.012 29.000 62.482 32.450 43.841 59.034 65.521 15.297 15.524 10.630 23.770 25.456 24.000 26.306 20.248 30.480 58.822 29.017 13.153 
38.601 26.401 29.682 92.655 46.098 60.308 47.381 93.392 66.212 90.211 74.216 36.878 10.296 51.430 63.953 43.829 41.049 34.132 68.731 53.038 33.971 61.033 77.833 63.032 34.482 34.525 102.859 60.729 86.284 35.847 95.425 89.359 55.227 45.891 75.133 19.698 54.129 86.977 50.990 61.400 38.013 13.342 90.139 42.450 0.000 67.067 92.574 68.096 24.331 81.056 49.679 86.925 52.345 7.280 66.030 80.081 34.928 50.090 52.010 53.339 91.984 41.037 38.275 93.606 15.652 74.726 55.758 56.859 38.210 45.222 34.132 64.195 59.414 20.248 47.434 59.059 35.847 83.630 43.863 45.793 
44.407 43.738 55.543 28.653 85.446 46.957 20.224 33.941 31.780 50.990 21.587 70.725 72.250 29.000 8.944 57.315 57.489 33.000 7.071 14.036 49.193 18.358 24.739 4.123 59.908 33.136 55.009 22.847 21.471 41.677 28.636 50.804 84.900 75.286 37.000 60.877 16.125 21.471 18.385 11.662 53.000 70.711 32.450 27.203 67.067 0.000 46.819 37.855 43.566 15.232 49.497 39.217 17.493 60.008 43.012 26.926 66.648 83.096 15.133 63.253 28.018 51.088 54.378 38.833 53.935 23.537 62.201 70.434 29.833 37.802 33.000 3.606 12.806 50.636 28.425 29.155 56.436 40.792 34.205 35.000 
55.027 78.645 94.048 31.321 86.145 37.054 59.203 21.541 26.420 8.485 25.495 75.166 101.213 73.926 55.714 58.215 60.407 65.856 53.160 52.431 89.196 65.000 68.731 47.424 66.910 67.897 10.296 33.971 34.132 56.859 51.420 9.220 79.246 74.108 17.464 95.425 60.033 54.083 60.745 40.497 94.366 101.548 71.028 66.843 92.574 46.819 0.000 25.000 69.642 38.053 94.032 7.616 46.755 87.321 29.155 19.925 106.066 80.505 52.202 56.223 60.407 56.089 95.776 13.416 76.922 23.707 53.339 61.000 58.258 81.271 65.856 49.769 41.617 84.024 46.043 75.644 97.000 8.944 48.765 78.492 
30.083 57.009 73.007 40.224 63.151 13.928 41.761 34.540 6.083 22.204 20.616 51.039 77.104 58.464 45.177 34.059 36.000 44.654 44.911 36.497 69.116 53.009 62.586 36.222 42.190 47.170 35.114 16.031 38.184 32.249 56.080 21.401 57.940 51.196 8.000 72.835 45.398 54.203 44.911 27.074 74.793 77.801 69.080 48.466 68.096 37.855 25.000 0.000 46.098 38.013 76.896 21.000 28.862 63.246 6.403 21.633 85.000 58.241 35.693 34.176 61.400 31.257 76.158 30.414 52.479 19.105 31.780 40.249 36.620 63.906 44.654 39.319 27.000 61.555 23.601 62.394 76.851 16.279 24.839 61.351 
20.248 15.000 30.083 68.359 49.930 41.340 25.080 69.123 43.267 68.250 50.000 35.777 31.780 34.828 41.785 32.016 30.017 12.207 46.174 29.614 29.017 41.049 57.983 39.459 26.926 14.142 79.925 36.770 62.073 15.652 72.180 67.476 54.424 43.658 52.431 27.203 32.650 64.288 29.530 37.121 35.057 31.906 69.836 22.672 24.331 43.566 69.642 46.098 0.000 57.009 42.755 63.530 28.071 18.028 45.343 55.973 41.231 50.567 28.443 42.107 69.893 26.306 36.125 69.642 10.440 50.596 43.417 48.010 14.000 32.696 12.207 41.000 35.128 16.553 23.707 42.521 35.511 60.745 21.260 31.765 
53.852 58.694 70.774 13.601 94.366 50.210 35.171 20.591 32.650 44.181 17.493 80.112 86.833 43.600 22.804 65.000 65.765 47.381 18.385 28.443 64.405 31.828 31.048 18.682 69.462 47.854 44.385 27.459 6.403 52.202 18.439 44.283 92.087 83.355 34.015 75.961 31.305 16.763 33.615 20.396 68.096 85.510 33.242 42.379 81.056 15.232 38.053 38.013 57.009 0.000 63.891 31.016 29.155 74.169 44.204 19.416 81.841 91.066 29.275 69.029 23.770 59.481 69.462 27.203 67.119 19.235 67.357 75.928 43.012 52.697 47.381 18.788 22.361 65.513 37.947 42.450 71.589 34.525 43.658 49.930 
61.008 28.160 20.616 77.466 91.000 78.262 35.341 83.439 71.694 96.177 68.819 77.795 47.011 20.518 41.110 74.330 72.560 35.057 45.607 41.677 15.811 32.202 42.450 47.508 69.635 32.062 103.228 61.741 70.292 56.009 69.354 95.713 96.840 86.128 80.056 31.241 34.205 59.506 33.287 53.535 12.207 43.012 53.600 28.460 49.679 49.497 94.032 76.896 42.755 63.891 0.000 86.533 48.332 43.829 79.120 75.000 24.331 92.655 42.059 84.149 61.033 68.118 12.530 87.966 48.466 70.456 85.024 90.449 42.426 13.000 35.057 45.967 52.479 30.887 54.571 22.361 15.652 86.452 56.569 15.652 
50.220 71.840 87.046 25.942 83.863 34.366 51.856 17.029 20.881 13.342 17.889 72.028 95.258 66.370 48.104 55.036 57.000 59.034 45.607 45.000 82.037 57.385 61.400 39.812 63.127 60.959 16.971 27.203 27.659 51.546 45.541 13.601 77.885 71.847 13.000 88.814 52.479 47.381 53.254 33.015 87.115 95.383 64.195 59.548 86.925 39.217 7.616 21.000 63.530 31.016 86.533 0.000 39.598 81.394 26.306 12.369 99.035 78.645 44.822 54.342 53.935 52.154 88.527 10.296 71.309 16.125 51.662 59.775 51.614 73.817 59.034 42.154 34.205 77.421 39.825 68.029 89.828 5.831 43.081 71.028 
27.019 32.757 47.508 40.311 68.007 33.541 13.000 41.785 23.409 48.021 23.324 53.254 58.941 29.614 20.248 40.361 40.311 20.125 22.627 8.062 42.450 25.710 39.115 13.601 42.438 21.633 56.569 13.416 34.015 24.187 45.541 47.508 67.897 58.052 31.765 50.120 17.029 38.949 16.125 9.055 47.634 58.189 48.836 20.248 52.345 17.493 46.755 28.862 28.071 29.155 48.332 39.598 0.000 45.706 32.062 29.682 59.464 65.856 7.000 47.170 45.486 33.941 49.041 43.566 38.013 24.413 46.530 54.378 14.142 35.341 20.125 16.279 7.071 38.910 11.402 34.000 50.249 38.601 16.971 32.696 
34.655 19.235 24.698 85.988 49.031 56.586 40.200 87.092 60.902 85.446 68.007 38.013 13.892 44.294 56.719 42.048 39.395 27.019 61.522 46.000 28.018 53.759 70.576 56.000 33.526 27.295 97.617 54.781 79.511 31.241 88.278 84.629 57.035 47.043 69.971 16.031 46.872 79.762 43.738 54.745 32.650 14.866 82.873 35.171 7.280 60.008 87.321 63.246 18.028 74.169 43.829 81.394 45.706 0.000 61.717 74.000 32.016 52.154 45.011 52.000 84.723 38.275 33.106 87.664 11.402 68.622 54.129 56.321 31.575 38.419 27.019 57.079 52.773 13.454 41.629 51.971 31.016 78.390 38.588 38.833 
27.459 57.454 73.573 46.615 57.559 8.062 44.553 40.719 11.662 24.698 26.907 46.043 75.432 61.522 49.820 29.069 31.257 45.618 50.000 40.012 70.214 57.140 67.720 41.000 37.855 48.332 38.833 20.396 44.553 30.480 62.370 23.770 51.865 45.541 13.601 72.471 49.010 60.208 48.166 31.780 76.059 76.485 74.733 50.695 66.030 43.012 29.155 6.403 45.343 44.204 79.120 26.306 32.062 61.717 0.000 28.018 85.440 52.393 39.051 28.160 67.417 27.203 77.389 36.139 50.606 25.456 25.632 34.015 37.577 66.219 45.618 44.147 31.401 61.400 24.698 66.030 77.827 21.024 24.413 63.789 
46.011 62.434 77.006 18.601 83.522 35.355 41.037 14.036 18.028 25.000 6.403 70.406 87.664 54.644 35.847 53.852 55.317 49.739 33.242 33.941 71.589 45.188 49.163 27.785 60.531 51.313 28.302 19.416 17.493 46.174 35.847 25.020 79.202 71.784 15.620 79.756 40.804 36.139 41.869 21.932 76.381 87.321 52.612 48.836 80.081 26.926 19.925 21.633 55.973 19.416 75.000 12.369 29.682 74.000 28.018 0.000 88.865 79.120 33.971 55.462 43.012 49.649 77.795 13.892 64.761 5.385 53.235 61.774 42.953 62.482 49.739 29.967 23.431 68.476 32.757 55.902 79.310 15.133 37.216 59.666 
61.465 28.018 12.042 95.294 80.753 82.298 48.010 99.569 80.920 106.405 82.462 70.000 28.178 39.560 59.615 72.035 69.635 40.460 64.622 55.218 17.493 52.202 65.376 63.632 64.630 38.210 116.000 72.139 88.119 56.859 90.521 105.759 89.051 79.006 90.028 16.000 50.537 80.777 48.374 67.007 14.318 23.707 77.104 40.224 34.928 66.648 106.066 85.000 41.231 81.841 24.331 99.035 59.464 32.016 85.440 88.865 0.000 84.149 55.000 82.225 83.361 67.052 13.153 102.616 41.437 83.738 83.934 87.298 48.415 30.083 40.460 63.063 65.437 24.698 61.400 44.407 10.440 97.622 61.057 32.573 
38.897 64.514 76.118 97.170 7.211 44.385 71.218 92.655 61.098 74.061 76.059 14.866 59.540 84.723 85.563 26.077 25.612 61.400 88.459 72.139 77.621 88.238 104.062 79.398 24.413 64.008 89.090 63.632 93.477 42.521 109.293 73.062 5.385 7.810 65.970 68.184 78.873 104.202 76.217 72.201 83.199 63.285 114.560 71.868 50.090 83.096 80.505 58.241 50.567 91.066 92.655 78.645 65.856 52.154 52.393 79.120 84.149 0.000 70.725 24.331 111.041 32.016 83.952 88.527 44.385 75.240 27.166 20.100 57.801 83.259 61.400 82.134 70.605 62.586 54.672 92.114 82.377 73.164 48.918 82.292 
31.890 29.732 43.267 41.761 72.346 40.447 7.071 44.777 30.083 54.120 27.586 57.489 57.559 22.804 14.866 45.804 45.453 18.111 18.358 1.414 37.643 18.974 33.422 11.045 46.755 18.682 61.717 19.925 34.928 28.320 43.738 53.666 73.110 62.968 38.079 47.170 10.050 36.056 9.220 12.042 42.426 56.294 43.932 14.866 52.010 15.133 52.202 35.693 28.443 29.275 42.059 44.822 7.000 45.011 39.051 33.971 55.000 70.725 0.000 53.235 42.048 39.205 43.841 47.634 38.833 29.000 52.802 60.415 14.866 29.155 18.111 12.649 10.630 36.401 17.464 27.000 45.343 44.418 22.472 26.420 
23.345 57.079 71.847 73.824 30.000 20.248 55.714 68.710 37.590 50.010 53.000 21.471 63.632 71.568 67.417 10.198 12.649 49.497 69.405 54.589 71.113 72.014 86.284 60.000 18.868 52.469 65.000 41.773 70.725 28.284 87.459 49.010 23.770 18.028 41.761 66.761 62.650 83.439 60.539 51.740 77.162 66.189 95.603 58.694 53.339 63.253 56.223 34.176 42.107 69.029 84.149 54.342 47.170 52.000 28.160 55.462 82.225 24.331 53.235 0.000 90.521 16.031 78.230 64.288 41.110 51.971 3.162 7.211 43.417 72.691 49.497 63.008 50.448 57.871 35.847 78.109 77.524 48.836 30.871 71.021 
72.422 66.483 74.243 30.067 113.464 72.801 44.922 40.012 55.758 67.268 41.146 98.737 95.525 44.181 28.160 85.147 85.428 58.241 23.770 40.719 67.268 32.000 18.788 31.906 87.920 57.489 65.031 48.918 26.306 69.642 11.180 67.469 112.699 103.233 57.775 82.006 37.855 7.211 41.000 38.949 69.051 93.193 12.083 49.649 91.984 28.018 60.407 61.400 69.893 23.770 61.033 53.935 45.486 84.723 67.417 43.012 83.361 111.041 42.048 90.521 0.000 79.025 70.214 48.010 80.324 42.953 89.196 97.622 56.859 53.460 58.241 29.530 40.460 73.437 56.400 39.051 72.993 57.974 62.201 51.245 
7.616 41.195 56.294 66.761 34.886 20.125 40.706 63.640 32.062 51.865 45.607 20.881 51.088 55.973 53.907 6.708 6.403 33.541 56.569 40.608 55.227 57.454 72.622 47.424 11.000 36.497 65.970 32.311 62.394 12.369 77.524 50.922 33.971 24.207 39.205 52.000 48.021 72.201 45.651 40.224 61.294 53.009 82.759 43.012 41.037 51.088 56.089 31.257 26.306 59.481 68.118 52.154 33.941 38.275 27.203 49.649 67.052 32.016 39.205 16.031 79.025 0.000 62.394 61.008 26.926 45.122 17.117 22.561 27.857 56.719 33.541 50.210 38.601 42.450 22.672 62.769 61.814 47.518 16.971 55.109 
55.902 21.213 8.602 83.006 81.609 75.273 36.770 87.801 71.561 96.835 71.421 69.231 34.713 26.571 46.957 68.118 66.030 31.780 51.894 43.863 7.280 39.217 52.240 51.614 62.129 29.069 105.475 62.201 75.802 50.990 77.492 96.260 88.459 77.929 80.449 19.105 38.275 67.720 36.401 55.866 1.414 30.610 64.031 29.000 38.275 54.378 95.776 76.158 36.125 69.462 12.530 88.527 49.041 33.106 77.389 77.795 13.153 83.952 43.841 78.230 70.214 62.394 0.000 91.351 39.623 72.835 79.511 84.024 39.812 17.088 31.780 50.774 54.452 21.378 52.773 31.257 3.162 87.618 53.488 19.698 
58.310 76.322 90.802 18.248 93.557 44.147 54.672 8.246 29.017 21.633 20.248 81.302 101.390 67.476 47.707 64.382 66.189 63.632 44.294 47.508 85.276 57.140 58.241 40.460 72.007 65.192 17.263 32.894 22.204 59.034 38.471 22.204 87.932 81.584 22.561 93.648 53.814 42.107 55.154 35.609 89.939 101.134 59.135 62.482 93.606 38.833 13.416 30.414 69.642 27.203 87.966 10.296 43.566 87.664 36.139 13.892 102.616 88.527 47.634 64.288 48.010 61.008 91.351 0.000 78.160 19.235 61.685 69.893 56.798 75.690 63.632 42.202 37.202 82.365 46.174 67.956 92.957 16.125 50.220 72.863 
23.345 20.591 32.062 78.102 42.544 45.255 35.468 78.262 50.567 74.626 59.034 29.614 24.839 43.863 52.202 31.016 28.460 22.361 56.613 40.025 33.242 51.108 68.096 49.820 23.195 23.854 87.207 45.354 72.000 20.248 82.565 73.783 48.836 38.328 59.481 25.710 42.953 74.726 39.812 47.000 38.833 26.249 80.062 32.450 15.652 53.935 76.922 52.479 10.440 67.119 48.466 71.309 38.013 11.402 50.606 64.761 41.437 44.385 38.833 41.110 80.324 26.926 39.623 78.160 0.000 59.439 43.081 45.891 24.187 40.224 22.361 51.420 45.000 18.248 32.016 51.662 38.210 67.978 28.231 39.825 
41.110 57.140 71.840 21.932 79.379 32.202 36.069 19.026 14.422 27.459 2.000 65.970 82.280 50.249 32.280 49.649 50.961 44.418 30.265 29.069 66.528 41.437 47.011 23.770 55.902 46.043 32.802 14.142 19.105 41.049 37.014 27.295 75.591 67.779 14.866 74.431 36.359 35.847 37.202 17.029 71.421 81.939 51.662 43.841 74.726 23.537 23.707 19.105 50.596 19.235 70.456 16.125 24.413 68.622 25.456 5.385 83.738 75.240 29.000 51.971 42.953 45.122 72.835 19.235 59.439 0.000 49.930 58.523 37.577 57.801 44.418 26.249 18.385 63.135 27.459 52.000 74.277 17.263 32.062 55.000 
24.021 58.310 73.348 71.694 33.015 17.889 55.660 66.310 35.511 47.000 51.039 24.597 66.038 71.805 66.731 12.083 14.765 50.160 68.505 54.129 72.339 71.694 85.586 59.076 21.401 53.151 62.008 40.311 68.819 29.017 85.796 46.000 26.249 21.095 39.217 68.622 62.394 82.073 60.407 50.606 78.409 68.476 94.626 59.034 55.758 62.201 53.339 31.780 43.417 67.357 85.024 51.662 46.530 54.129 25.632 53.235 83.934 27.166 52.802 3.162 89.196 17.117 79.511 61.685 43.081 49.930 0.000 8.602 43.738 73.335 50.160 62.129 49.406 59.439 35.341 78.160 78.918 46.098 30.676 71.568 
30.083 63.008 77.318 80.262 26.683 26.420 62.769 74.733 44.102 54.231 59.641 21.932 67.119 78.447 74.626 16.125 18.000 56.089 76.609 61.774 77.000 79.158 93.493 67.201 22.804 59.034 69.260 48.795 77.421 34.928 94.366 53.235 18.248 15.652 47.539 71.589 69.778 90.521 67.624 58.898 83.006 70.007 102.801 65.521 56.859 70.434 61.000 40.249 48.010 75.928 90.449 59.775 54.378 56.321 34.015 61.774 87.298 20.100 60.415 7.211 97.622 22.561 84.024 69.893 45.891 58.523 8.602 0.000 50.289 79.246 56.089 70.214 57.628 63.285 43.046 85.094 83.150 54.120 38.013 77.666 
20.248 20.518 36.401 54.452 58.694 35.903 13.454 55.660 32.558 58.052 36.770 43.863 44.922 28.160 29.155 34.540 33.541 8.062 33.106 16.155 32.650 30.480 46.755 25.710 33.422 10.770 68.411 24.413 48.094 15.652 58.464 57.385 60.745 50.220 41.725 37.202 21.213 50.922 18.439 23.195 38.484 44.385 58.009 15.297 38.210 29.833 58.258 36.620 14.000 43.012 42.426 51.614 14.142 31.575 37.577 42.953 48.415 57.801 14.866 43.417 56.859 27.857 39.812 56.798 24.187 37.577 43.738 50.289 0.000 30.017 8.062 27.514 21.213 25.807 13.038 34.928 40.311 49.578 14.142 28.018 
49.366 19.849 21.024 66.287 82.365 65.620 22.361 71.589 58.694 83.241 56.223 68.447 45.310 9.487 30.017 63.151 61.612 23.195 34.886 28.844 14.036 22.136 36.014 35.384 59.464 20.224 90.604 48.754 59.076 44.407 60.440 82.765 87.092 76.322 67.082 30.083 21.932 50.695 20.616 40.804 15.811 42.059 48.166 15.524 45.222 37.802 81.271 63.906 32.696 52.697 13.000 73.817 35.341 38.419 66.219 62.482 30.083 83.259 29.155 72.691 53.460 56.719 17.088 75.690 40.224 57.801 73.335 79.246 30.017 0.000 23.195 34.205 39.661 25.000 41.773 15.133 19.647 73.573 44.102 2.828 
26.173 12.806 28.425 59.666 61.400 43.681 13.342 61.847 40.460 65.947 43.417 46.872 39.459 23.324 30.083 40.025 38.601 0.000 34.713 19.026 24.597 28.844 45.793 29.017 37.121 3.000 75.928 31.890 52.953 21.213 61.294 65.299 64.846 54.120 49.578 30.017 20.616 52.953 17.464 28.792 30.463 38.328 57.706 10.630 34.132 33.000 65.856 44.654 12.207 47.381 35.057 59.034 20.125 27.019 45.618 49.739 40.460 61.400 18.111 49.497 58.241 33.541 31.780 63.632 22.361 44.418 50.160 56.089 8.062 23.195 0.000 30.067 26.926 18.788 21.095 30.806 32.249 57.280 21.840 21.587 
