0.000 118.697 68.476 56.586 54.489 36.056 68.600 47.265 53.852 74.250 
118.697 0.000 52.802 62.426 65.192 113.442 51.856 91.395 97.576 45.277 
68.476 52.802 0.000 19.925 24.042 60.902 2.236 56.754 47.676 20.248 
56.586 62.426 19.925 0.000 4.123 60.017 18.439 36.878 54.129 17.692 
54.489 65.192 24.042 4.123 0.000 60.407 22.561 32.757 56.045 20.000 
36.056 113.442 60.902 60.017 60.407 0.000 62.177 71.512 22.804 75.584 
68.600 51.856 2.236 18.439 22.561 62.177 0.000 55.317 49.497 18.028 
47.265 91.395 56.754 36.878 32.757 71.512 55.317 0.000 77.006 48.260 
53.852 97.576 47.676 54.129 56.045 22.804 49.497 77.006 0.000 66.008 
74.250 45.277 20.248 17.692 20.000 75.584 18.028 48.260 66.008 0.000 
