0 34713 50289 62169 41049 21932 33121 60033 29428 51884 41304 26420 48166 48384 46690 14318 13601 26173 49578 33302 48662 49930 65299 40608 15652 29155 65192 27459 57280 5000 71554 51000 41231 31113 37643 47011 40497 65734 38079 34000 54745 49518 75664 35440 38601 44407 55027 30083 20248 53852 61008 50220 27019 34655 27459 46011 61465 38897 31890 23345 72422 7616 55902 58310 23345 41110 24021 30083 20248 49366 26173 43278 32249 36770 16125 55154 55543 46174 10296 47676 
34713 0 16125 71470 63071 54626 23537 74250 53075 78568 56080 49649 29069 25060 39000 47011 45011 12806 44011 30364 14036 34928 51546 40025 41593 11180 88730 44688 64560 29833 71028 77897 68680 57974 62241 17464 29000 62032 26019 41146 20100 27074 63891 17000 26401 43738 78645 57009 15000 58694 28160 71840 32757 19235 57454 62434 28018 64514 29732 57079 66483 41195 21213 76322 20591 57140 58310 63008 20518 19849 12806 40447 39357 7000 33422 32757 20881 70036 33121 19849 
50289 16125 0 84095 73498 70682 36359 87983 68884 94366 70605 61522 26401 30067 49041 61660 59414 28425 54120 43566 7000 42426 57035 52326 55009 26173 104005 60108 76968 45541 80604 93723 80753 70349 77987 10630 39560 71021 37162 55218 8485 22472 69181 28653 29682 55543 94048 73007 30083 70774 20616 87046 47508 24698 73573 77006 12042 76118 43267 71847 74243 56294 8602 90802 32062 71840 73348 77318 36401 21024 28425 52000 53600 14036 49406 36125 6325 85586 49244 23022 
62169 71470 84095 0 101242 53852 48104 10050 36235 39000 21190 87641 99040 57201 36401 71512 72732 59666 31890 41110 77827 45343 42485 31780 77369 60440 35000 34713 7211 61400 20224 39395 97494 89694 33971 88865 44777 24739 46957 31257 81633 97985 41593 55543 92655 28653 31321 40224 68359 13601 77466 25942 40311 85988 46615 18601 95294 97170 41761 73824 30067 66761 83006 18248 78102 21932 71694 80262 54452 66287 59666 32249 33242 78160 47170 55866 85088 31064 52469 63514 
41049 63071 73498 101242 0 49497 72139 97268 65521 80006 80056 14866 55036 84629 87207 29732 28636 61400 90427 73756 75611 89140 105380 81609 25612 63820 95000 67119 97170 44045 112379 79006 12042 12042 71021 64938 79906 106780 77104 74947 80957 59000 116276 72007 46098 85446 86145 63151 49930 94366 91000 83863 68007 49031 57559 83522 80753 7211 72346 30 113464 34886 81609 93557 42544 79379 33015 26683 58694 82365 61400 84202 73246 60407 57140 92201 79812 78518 51313 81633 
21932 54626 70682 53852 49497 0 45011 48466 17804 32016 33422 38118 70036 62000 52811 21213 23537 43681 53712 41593 68007 59228 71309 44385 30364 46573 46530 24187 51225 25807 68593 31048 44011 37483 21587 68505 50488 65605 49163 35341 74000 71449 79259 50249 60308 46957 37054 13928 41340 50210 78262 34366 33541 56586 8062 35355 82298 44385 40447 20248 72801 20125 75273 44147 45255 32202 17889 26420 35903 65620 43681 47539 34540 57801 24021 67268 75392 29069 21840 63388 
33121 23537 36359 48104 72139 45011 0 51624 36401 60902 34655 57315 52086 17029 16763 47413 46648 13342 21378 7211 30610 17029 33422 16492 46861 13000 68768 26401 41110 28844 48094 60415 74061 63600 44721 40804 7810 39623 5000 19105 35355 50488 44944 7810 47381 20224 59203 41761 25080 35171 35341 51856 13000 40200 44553 41037 48010 71218 7071 55714 44922 40706 36770 54672 35468 36069 55660 62769 13454 22361 13342 17029 17692 30414 21095 22561 38288 51313 25000 19698 
60033 74250 87983 10050 97268 48466 51624 0 31780 29530 19235 84345 100578 62936 42521 67683 69231 61847 38601 44418 82098 51856 51264 36235 74545 63071 25020 33136 14866 60075 30265 30017 92477 85440 27295 91706 49679 34366 51400 33106 86400 99960 51352 59363 93392 33941 21541 34540 69123 20591 83439 17029 41785 87092 40719 14036 99569 92655 44777 68710 40012 63640 87801 8246 78262 19026 66310 74733 55660 71589 61847 37483 34928 80623 46390 62626 89627 22627 51088 68768 
29428 53075 68884 36235 65521 17804 36401 31780 0 25495 15620 52612 74793 52887 39115 35903 37483 40460 38833 30806 64637 47043 56515 30150 43046 42802 36715 10198 33422 30676 50931 24839 61270 53759 9220 69426 39623 48549 39294 21024 70178 75166 63159 43382 66212 31780 26420 6083 43267 32650 71694 20881 23409 60902 11662 18028 80920 61098 30083 37590 55758 32062 71561 29017 50567 14422 35511 44102 32558 58694 40460 33242 21024 58052 19849 56569 72422 17493 22361 56080 
51884 78568 94366 39000 80006 32016 60902 29530 25495 0 29428 69871 99298 76557 59666 53151 55543 65947 57706 54562 90 68680 74108 50961 62362 68250 15033 34670 41000 54378 58822 1000 72443 68029 16401 94795 62769 60671 63071 43081 95441 100 77414 68264 90211 50990 8485 22204 68250 44181 96177 13342 48021 85446 24698 25000 106405 74061 54120 50010 67268 51865 96835 21633 74626 27459 47000 54231 58052 83241 65947 53600 43863 83451 45255 79057 97801 10198 47011 80529 
41304 56080 70605 21190 80056 33422 34655 19235 15620 29428 0 66483 81597 48549 30364 50329 51546 43417 28284 27586 65192 39560 45011 21932 56294 44944 34409 14000 17804 41000 35468 29275 76538 68542 16763 73430 34670 34015 35609 15556 70007 81154 49729 42450 74216 21587 25495 20616 50 17493 68819 17889 23324 68007 26907 6403 82462 76059 27586 53000 41146 45607 71421 20248 59034 2000 51039 59641 36770 56223 43417 24352 17029 62177 27166 50160 72918 19235 32000 53413 
26420 49649 61522 87641 14866 38118 57315 84345 52612 69871 66483 0 46840 70178 72346 17000 15133 46872 75604 58898 62817 74330 90521 66851 10817 49396 84593 53141 83217 29206 97949 68884 19235 9055 59034 54000 65069 92114 62290 60415 68447 50220 101415 57428 36878 70725 75166 51039 35777 80112 77795 72028 53254 38013 46043 70406 70 14866 57489 21471 98737 20881 69231 81302 29614 65970 24597 21932 43863 68447 46872 69405 58669 47854 42544 77666 67742 67007 36715 67535 
48166 29069 26401 99040 55036 70036 52086 100578 74793 99298 81597 46840 0 52887 68029 54083 51313 39459 73007 58421 32249 63789 80050 68359 44777 39115 111508 68542 92396 45000 100 98473 64777 55785 83863 15811 58034 91088 55009 67912 34828 4472 92418 46043 10296 72250 101213 77104 31780 86833 47011 95258 58941 13892 75432 87664 28178 59540 57559 63632 95525 51088 34713 101390 24839 82280 66038 67119 44922 45310 39459 69116 65970 22091 55462 60083 31828 92282 52479 46487 
48384 25060 30067 57201 84629 62000 17029 62936 52887 76557 48549 70178 52887 0 20809 62626 61465 23324 25554 22136 23087 12649 27295 27019 60415 20809 82928 42720 50 43658 50961 76158 88119 77414 60745 38328 13892 41231 13601 33541 25298 50010 39623 13000 51430 29000 73926 58464 34828 43600 20518 66370 29614 44294 61522 54644 39560 84723 22804 71568 44181 55973 26571 67476 43863 50249 71805 78447 28160 9487 23324 25456 32696 31385 38013 7810 29120 66641 41437 7071 
46690 39000 49041 36401 87207 52811 16763 42521 39115 59666 30364 72346 68029 20809 0 60440 60208 30083 5099 13454 42379 9434 18868 9000 61620 29428 63953 29428 29206 43186 32062 59439 87864 77795 45177 55444 10 23087 13038 18111 45618 66030 29069 22000 63953 8944 55714 45177 41785 22804 41110 48104 20248 56719 49820 35847 59615 85563 14866 67417 28160 53907 46957 47707 52202 32280 66731 74626 29155 30017 30083 6083 18439 46000 31623 20248 49244 49477 37014 27295 
14318 47011 61660 71512 29732 21213 47413 67683 35903 53151 50329 17000 54083 62626 60440 0 2828 40025 62968 47202 61033 64140 79202 53740 10 42953 67742 37590 67543 18974 83217 52173 27586 18358 42048 56613 54708 78243 52355 46228 67067 56436 89196 49649 43829 57315 58215 34059 32016 65000 74330 55036 40361 42048 29069 53852 72035 26077 45804 10198 85147 6708 68118 64382 31016 49649 12083 16125 34540 63151 40025 56586 44688 47676 29000 69462 67365 50010 23431 61612 
13601 45011 59414 72732 28636 23537 46648 69231 37483 55543 51546 15133 51313 61465 60208 2828 0 38601 62936 46861 59000 63514 78873 53814 7211 41485 70036 38484 68542 17889 83863 54571 27659 17804 44000 54120 54083 78600 51624 46615 65008 53712 89107 48466 41049 57489 60407 36000 30017 65765 72560 57000 40311 39395 31257 55317 69635 25612 45453 12649 85428 6403 66030 66189 28460 50961 14765 18000 33541 61612 38601 56586 45000 45398 29069 68447 65192 52086 23345 60166 
26173 12806 28425 59666 61400 43681 13342 61847 40460 65947 43417 46872 39459 23324 30083 40025 38601 0 34713 19026 24597 28844 45793 29017 37121 3000 75928 31890 52953 21213 61294 65299 64846 54120 49578 30017 20616 52953 17464 28792 30463 38328 57706 10630 34132 33000 65856 44654 12207 47381 35057 59034 20125 27019 45618 49739 40460 61400 18111 49497 58241 33541 31780 63632 22361 44418 50160 56089 8062 23195 0 30067 26926 18788 21095 30806 32249 57280 21840 21587 
49578 44011 54120 31890 90427 53712 21378 38601 38833 57706 28284 75604 73007 25554 5099 62968 62936 34713 0 17000 47434 13454 17720 9434 64815 34234 60926 29732 24759 46400 27019 57559 90521 80660 44011 60531 15033 18248 18000 18385 50567 71063 26249 27019 68731 7071 53160 44911 46174 18385 45607 45607 22627 61522 50 33242 64622 88459 18358 69405 23770 56569 51894 44294 56613 30265 68505 76609 33106 34886 34713 6403 19235 51010 33971 24083 54231 47518 39598 32202 
33302 30364 43566 41110 73756 41593 7211 44418 30806 54562 27586 58898 58421 22136 13454 47202 46861 19026 17000 0 37802 17720 32016 10 48166 19416 61847 20616 34205 29732 42579 54129 74518 64382 38626 47760 9000 34785 8544 12042 42450 57070 42521 15000 53038 14036 52431 36497 29614 28443 41677 45000 8062 46000 40012 33941 55218 72139 1414 54589 40719 40608 43863 47508 40025 29069 54129 61774 16155 28844 19026 11402 10817 37108 18788 26019 45453 44777 23854 26077 
48662 14036 7000 77827 75611 68007 30610 82098 64637 90 65192 62817 32249 23087 42379 61033 59000 24597 47434 37802 0 35511 50040 46141 55326 21954 99005 55444 70661 43738 73756 89404 82000 71386 73600 16553 33106 64133 30887 49679 6083 28636 62201 22804 33971 49193 89196 69116 29017 64405 15811 82037 42450 28018 70214 71589 17493 77621 37643 71113 67268 55227 7280 85276 33242 66528 72339 77000 32650 14036 24597 45618 48166 15232 45651 29155 7810 80920 46239 16031 
49930 34928 42426 45343 89140 59228 17029 51856 47043 68680 39560 74330 63789 12649 9434 64140 63514 28844 13454 17720 35511 0 17000 17720 63891 27295 73355 37000 38210 45804 38328 68411 91022 80604 53759 50010 9434 28636 12042 26173 37947 61294 29155 18788 61033 18358 65000 53009 41049 31828 32202 57385 25710 53759 57140 45188 52202 88238 18974 72014 32000 57454 39217 57140 51108 41437 71694 79158 30480 22136 28844 15232 26019 41773 36401 10817 41761 58523 41146 19647 
65299 51546 57035 42485 105380 71309 33422 51264 56515 74108 45011 90521 80050 27295 18868 79202 78873 45793 17720 32016 50040 17000 0 26926 79906 44294 75432 47434 36401 61555 28425 74061 106527 96333 61294 65620 25612 19105 28601 36056 51157 77279 12369 35777 77833 24739 68731 62586 57983 31048 42450 61400 39115 70576 67720 49163 65376 104062 33422 86284 18788 72622 52240 58241 68096 47011 85586 93493 46755 36014 45793 23770 36770 58241 50478 21024 55145 64031 55803 34132 
40608 40025 52326 31780 81609 44385 16492 36235 30150 50961 21932 66851 68359 27019 9000 53740 53814 29017 9434 10 46141 17720 26926 0 56036 29275 56080 20616 24698 37736 32757 50695 81320 71589 36222 57280 13454 25495 15264 9220 50220 66910 35609 23770 63032 4123 47424 36222 39459 18682 47508 39812 13601 56000 41000 27785 63632 79398 11045 60 31906 47424 51614 40460 49820 23770 59076 67201 25710 35384 29017 3162 9849 46872 24759 28231 53535 40804 30480 32558 
15652 41593 55009 77369 25612 30364 46861 74545 43046 62362 56294 10817 44777 60415 61620 10 7211 37121 64815 48166 55326 63891 79906 56036 0 39812 76688 42720 72732 18439 87207 61400 27731 17000 50160 48836 54562 81302 51856 49649 61205 47424 90686 47508 34482 59908 66910 42190 26926 69462 69635 63127 42438 33526 37855 60531 64630 24413 46755 18868 87920 11000 62129 72007 23195 55902 21401 22804 33422 59464 37121 58600 47885 41000 31765 67742 61008 58421 25942 58310 
29155 11180 26173 60440 63820 46573 13000 63071 42802 68250 44944 49396 39115 20809 29428 42953 41485 3000 34234 19416 21954 27295 44294 29275 39812 0 77897 33941 53600 24187 61074 67624 67543 56798 51856 28636 19647 52469 16492 29967 27731 37656 56365 8602 34525 33136 67897 47170 14142 47854 32062 60959 21633 27295 48332 51313 38210 64008 18682 52469 57489 36497 29069 65192 23854 46043 53151 59034 10770 20224 3000 30017 28178 17720 23707 28425 29682 59414 24739 18682 
65192 88730 104005 35000 95000 46530 68768 25020 36715 15033 34409 84593 111508 82928 63953 67742 70036 75928 60926 61847 99005 73355 75432 56080 76688 77897 0 44045 39459 67119 55082 16031 87464 83006 27731 105603 69065 59304 70 49820 104062 111830 76322 76485 102859 55009 10296 35114 79925 44385 103228 16971 56569 97617 38833 28302 116000 89090 61717 65000 65031 65970 105475 17263 87207 32802 62008 69260 68411 90604 75928 58181 51088 94202 56303 84119 106794 19235 59059 87801 
27459 44688 60108 34713 67119 24187 26401 33136 10198 34670 14000 53141 68542 42720 29428 37590 38484 31890 29732 20616 55444 37000 47434 20616 42720 33941 44045 0 30083 27000 45804 34132 64637 55946 18358 61612 29428 41773 29120 11402 60803 68425 55073 33615 60729 22847 33971 16031 36770 27459 61741 27203 13416 54781 20396 19416 72139 63632 19925 41773 48918 32311 62201 32894 45354 14142 40311 48795 24413 48754 31890 23770 11045 50220 13342 46390 63253 25495 18000 46098 
57280 64560 76968 7211 97170 51225 41110 14866 33422 41000 17804 83217 92396 50 29206 67543 68542 52953 24759 34205 70661 38210 36401 24698 72732 53600 39459 30083 0 56089 18358 41231 94154 85866 33015 81908 37590 20 39812 25000 74431 91220 37014 48466 86284 21471 34132 38184 62073 6403 70292 27659 34015 79511 44553 17493 88119 93477 34928 70725 26306 62394 75802 22204 72000 19105 68819 77421 48094 59076 52953 25060 27000 71309 41773 48795 77897 31953 47297 56303 
5000 29833 45541 61400 44045 25807 28844 60075 30676 54378 41000 29206 45000 43658 43186 18974 17889 21213 46400 29732 43738 45804 61555 37736 18439 24187 67119 27000 56089 0 69462 53535 45222 34828 39395 42720 36401 63135 33838 31953 49820 46011 72250 30676 35847 41677 56859 32249 15652 52202 56009 51546 24187 31241 30480 46174 56859 42521 28320 28284 69642 12369 50990 59034 20248 41049 29017 34928 15652 44407 21213 40224 30083 32202 14318 50567 50695 47927 9000 42755 
71554 71028 80604 20224 112379 68593 48094 30265 50931 58822 35468 97949 100 50961 32062 83217 83863 61294 27019 42579 73756 38328 28425 32757 87207 61074 55082 45804 18358 69462 0 59135 110436 101548 51313 87464 42048 9849 45011 37577 76243 98082 23259 54037 95425 28636 51420 56080 72180 18439 69354 45541 45541 88278 62370 35847 90521 109293 43738 87459 11180 77524 77492 38471 82565 37014 85796 94366 58464 60440 61294 31257 39395 78026 55462 47011 80081 50160 61270 57974 
51000 77897 93723 39395 79006 31048 60415 30017 24839 1000 29275 68884 98473 76158 59439 52173 54571 65299 57559 54129 89404 68411 74061 50695 61400 67624 16031 34132 41231 53535 59135 0 71449 67030 15811 94069 62394 60828 62650 42720 94868 99202 77524 67742 89359 50804 9220 21401 67476 44283 95713 13601 47508 84629 23770 25020 105759 73062 53666 49010 67469 50922 96260 22204 73783 27295 46000 53235 57385 82765 65299 53367 43463 82735 44553 78746 97201 10050 46228 80062 
41231 68680 80753 97494 12042 44011 74061 92477 61270 72443 76538 19235 64777 88119 87864 27586 27659 64846 90521 74518 82000 91022 106527 81320 27731 67543 87464 64637 94154 45222 110436 71449 0 10770 65460 73062 81609 105759 79057 73756 87664 68469 116726 75180 55227 84900 79246 57940 54424 92087 96840 77885 67897 57035 51865 79202 89051 5385 73110 23770 112699 33971 88459 87932 48836 75591 26249 18248 60745 87092 64846 84149 72250 67082 56569 95383 86977 72277 50931 86006 
31113 57974 70349 89694 12042 37483 63600 85440 53759 68029 68542 9055 55785 77414 77795 18358 17804 54120 80660 64382 71386 80604 96333 71589 17000 56798 83006 55946 85866 34828 101548 67030 10770 0 59034 63008 71218 96400 68600 64405 77104 59228 106775 64498 45891 75286 74108 51196 43658 83355 86128 71847 58052 47043 45541 71784 79006 7810 62968 18028 103233 24207 77929 81584 38328 67779 21095 15652 50220 76322 54120 74330 62801 56569 46861 84723 76531 66483 41110 75240 
37643 62241 77987 33971 71021 21587 44721 27295 9220 16401 16763 59034 83863 60745 45177 42048 44000 49578 44011 38626 73600 53759 61294 36222 50160 51856 27731 18358 33015 39395 51313 15811 65460 59034 0 78645 47127 50695 47170 27659 79057 84315 66483 51971 75133 37000 17464 8000 52431 34015 80056 13000 31765 69971 13601 15620 90028 65970 38079 41761 57775 39205 80449 22561 59481 14866 39217 47539 41725 67082 49578 39115 28160 67268 29069 63789 81400 8544 31385 64405 
47011 17464 10630 88865 64938 68505 40804 91706 69426 94795 73430 54000 15811 38328 55444 56613 54120 30017 60531 47760 16553 50010 65620 57280 48836 28636 105603 61612 81908 42720 87464 94069 73062 63008 78645 0 45541 78160 42755 58600 19105 12083 77929 33734 19698 60877 95425 72835 27203 75961 31241 88814 50120 16031 72471 79756 16000 68184 47170 66761 82006 52000 19105 93648 25710 74431 68622 71589 37202 30083 30017 57489 56798 11402 49578 45122 16401 86683 48166 31575 
40497 29000 39560 44777 79906 50488 7810 49679 39623 62769 34670 65069 58034 13892 10 54708 54083 20616 15033 9000 33106 9434 25612 13454 54562 19647 69065 29428 37590 36401 42048 62394 81609 71218 47127 45541 0 33061 3162 19698 36892 56036 37216 12000 54129 16125 60033 45398 32650 31305 34205 52479 17029 46872 49010 40804 50537 78873 10050 62650 37855 48021 38275 53814 42953 36359 62394 69778 21213 21932 20616 12530 18974 36000 27203 17029 40311 52802 31780 19105 
65734 62032 71021 24739 106780 65605 39623 34366 48549 60671 34015 92114 91088 41231 23087 78243 78600 52953 18248 34785 64133 28636 19105 25495 81302 52469 59304 41773 20 63135 9849 60828 105759 96400 50695 78160 33061 0 36125 32016 66483 89000 17029 45044 86977 21471 54083 54203 64288 16763 59506 47381 38949 79762 60208 36139 80777 104202 36056 83439 7211 72201 67720 42107 74726 35847 82073 90521 50922 50695 52953 23409 33601 69029 49649 37162 70342 51196 55471 48270 
38079 26019 37162 46957 77104 49163 5000 51400 39294 63071 35609 62290 55009 13601 13038 52355 51624 17464 18000 8544 30887 12042 28601 15264 51856 16492 70 29120 39812 33838 45011 62650 79057 68600 47170 42755 3162 36125 0 20248 35000 53085 40311 9055 50990 18385 60745 44911 29530 33615 33287 53254 16125 43738 48166 41869 48374 76217 9220 60539 41000 45651 36401 55154 39812 37202 60407 67624 18439 20616 17464 14866 19235 33015 25495 18111 38275 53235 29732 17804 
34000 41146 55218 31257 74947 35341 19105 33106 21024 43081 15556 60415 67912 33541 18111 46228 46615 28792 18385 12042 49679 26173 36056 9220 49649 29967 49820 11402 25000 31953 37577 42720 73756 64405 27659 58600 19698 32016 20248 0 54452 67052 44102 26907 61400 11662 40497 27074 37121 20396 53535 33015 9055 54745 31780 21932 67007 72201 12042 51740 38949 40224 55866 35609 47000 17029 50606 58898 23195 40804 28792 12369 2000 47539 17889 36139 57385 33106 23707 38013 
54745 20100 8485 81633 80957 74000 35355 86400 70178 95441 70007 68447 34828 25298 45618 67067 65008 30463 50567 42450 6083 37947 51157 50220 61205 27731 104062 60803 74431 49820 76243 94868 87664 77104 79057 19105 36892 66483 35000 54452 0 30806 63008 27586 38013 53000 94366 74793 35057 68096 12207 87115 47634 32650 76059 76381 14318 83199 42426 77162 69051 61294 1414 89939 38833 71421 78409 83006 38484 15811 30463 49396 53038 20616 51430 30150 4000 86215 52202 18385 
49518 27074 22472 97985 59000 71449 50488 99960 75166 100 81154 50220 4472 50010 66030 56436 53712 38328 71063 57070 28636 61294 77279 66910 47424 37656 111830 68425 91220 46011 98082 99202 68469 59228 84315 12083 56036 89000 53085 67052 30806 0 89627 44045 13342 70711 101548 77801 31906 85510 43012 95383 58189 14866 76485 87321 23707 63285 56294 66189 93193 53009 30610 101134 26249 81939 68476 70007 44385 42059 38328 67476 65146 20100 55570 57009 27659 92650 53009 43417 
75664 63891 69181 41593 116276 79259 44944 51352 63159 77414 49729 101415 92418 39623 29069 89196 89107 57706 26249 42521 62201 29155 12369 35609 90686 56365 76322 55073 37014 72250 23259 77524 116726 106775 66483 77929 37216 17029 40311 44102 63008 89627 0 47927 90139 32450 71028 69080 69836 33242 53600 64195 48836 82873 74733 52612 77104 114560 43932 95603 12083 82759 64031 59135 80062 51662 94626 102801 58009 48166 57706 32650 45222 70605 60208 33061 67007 67742 65795 46390 
35440 17000 28653 55543 72007 50249 7810 59363 43382 68264 42450 57428 46043 13000 22000 49649 48466 10630 27019 15000 22804 18788 35777 23770 47508 8602 76485 33615 48466 30676 54037 67742 75180 64498 51971 33734 12000 45044 9055 26907 27586 44045 47927 0 42450 27203 66843 48466 22672 42379 28460 59548 20248 35171 50695 48836 40224 71868 14866 58694 49649 43012 29000 62482 32450 43841 59034 65521 15297 15524 10630 23770 25456 24000 26306 20248 30480 58822 29017 13153 
38601 26401 29682 92655 46098 60308 47381 93392 66212 90211 74216 36878 10296 51430 63953 43829 41049 34132 68731 53038 33971 61033 77833 63032 34482 34525 102859 60729 86284 35847 95425 89359 55227 45891 75133 19698 54129 86977 50990 61400 38013 13342 90139 42450 0 67067 92574 68096 24331 81056 49679 86925 52345 7280 66030 80081 34928 50090 52010 53339 91984 41037 38275 93606 15652 74726 55758 56859 38210 45222 34132 64195 59414 20248 47434 59059 35847 83630 43863 45793 
44407 43738 55543 28653 85446 46957 20224 33941 31780 50990 21587 70725 72250 29000 8944 57315 57489 33000 7071 14036 49193 18358 24739 4123 59908 33136 55009 22847 21471 41677 28636 50804 84900 75286 37000 60877 16125 21471 18385 11662 53000 70711 32450 27203 67067 0 46819 37855 43566 15232 49497 39217 17493 60008 43012 26926 66648 83096 15133 63253 28018 51088 54378 38833 53935 23537 62201 70434 29833 37802 33000 3606 12806 50636 28425 29155 56436 40792 34205 35000 
55027 78645 94048 31321 86145 37054 59203 21541 26420 8485 25495 75166 101213 73926 55714 58215 60407 65856 53160 52431 89196 65000 68731 47424 66910 67897 10296 33971 34132 56859 51420 9220 79246 74108 17464 95425 60033 54083 60745 40497 94366 101548 71028 66843 92574 46819 0 25000 69642 38053 94032 7616 46755 87321 29155 19925 106066 80505 52202 56223 60407 56089 95776 13416 76922 23707 53339 61000 58258 81271 65856 49769 41617 84024 46043 75644 97000 8944 48765 78492 
30083 57009 73007 40224 63151 13928 41761 34540 6083 22204 20616 51039 77104 58464 45177 34059 36000 44654 44911 36497 69116 53009 62586 36222 42190 47170 35114 16031 38184 32249 56080 21401 57940 51196 8000 72835 45398 54203 44911 27074 74793 77801 69080 48466 68096 37855 25000 0 46098 38013 76896 21000 28862 63246 6403 21633 85000 58241 35693 34176 61400 31257 76158 30414 52479 19105 31780 40249 36620 63906 44654 39319 27000 61555 23601 62394 76851 16279 24839 61351 
20248 15000 30083 68359 49930 41340 25080 69123 43267 68250 50 35777 31780 34828 41785 32016 30017 12207 46174 29614 29017 41049 57983 39459 26926 14142 79925 36770 62073 15652 72180 67476 54424 43658 52431 27203 32650 64288 29530 37121 35057 31906 69836 22672 24331 43566 69642 46098 0 57009 42755 63530 28071 18028 45343 55973 41231 50567 28443 42107 69893 26306 36125 69642 10440 50596 43417 48010 14000 32696 12207 41000 35128 16553 23707 42521 35511 60745 21260 31765 
53852 58694 70774 13601 94366 50210 35171 20591 32650 44181 17493 80112 86833 43600 22804 65000 65765 47381 18385 28443 64405 31828 31048 18682 69462 47854 44385 27459 6403 52202 18439 44283 92087 83355 34015 75961 31305 16763 33615 20396 68096 85510 33242 42379 81056 15232 38053 38013 57009 0 63891 31016 29155 74169 44204 19416 81841 91066 29275 69029 23770 59481 69462 27203 67119 19235 67357 75928 43012 52697 47381 18788 22361 65513 37947 42450 71589 34525 43658 49930 
61008 28160 20616 77466 91000 78262 35341 83439 71694 96177 68819 77795 47011 20518 41110 74330 72560 35057 45607 41677 15811 32202 42450 47508 69635 32062 103228 61741 70292 56009 69354 95713 96840 86128 80056 31241 34205 59506 33287 53535 12207 43012 53600 28460 49679 49497 94032 76896 42755 63891 0 86533 48332 43829 79120 75000 24331 92655 42059 84149 61033 68118 12530 87966 48466 70456 85024 90449 42426 13000 35057 45967 52479 30887 54571 22361 15652 86452 56569 15652 
50220 71840 87046 25942 83863 34366 51856 17029 20881 13342 17889 72028 95258 66370 48104 55036 57000 59034 45607 45000 82037 57385 61400 39812 63127 60959 16971 27203 27659 51546 45541 13601 77885 71847 13000 88814 52479 47381 53254 33015 87115 95383 64195 59548 86925 39217 7616 21000 63530 31016 86533 0 39598 81394 26306 12369 99035 78645 44822 54342 53935 52154 88527 10296 71309 16125 51662 59775 51614 73817 59034 42154 34205 77421 39825 68029 89828 5831 43081 71028 
27019 32757 47508 40311 68007 33541 13000 41785 23409 48021 23324 53254 58941 29614 20248 40361 40311 20125 22627 8062 42450 25710 39115 13601 42438 21633 56569 13416 34015 24187 45541 47508 67897 58052 31765 50120 17029 38949 16125 9055 47634 58189 48836 20248 52345 17493 46755 28862 28071 29155 48332 39598 0 45706 32062 29682 59464 65856 7000 47170 45486 33941 49041 43566 38013 24413 46530 54378 14142 35341 20125 16279 7071 38910 11402 34000 50249 38601 16971 32696 
34655 19235 24698 85988 49031 56586 40200 87092 60902 85446 68007 38013 13892 44294 56719 42048 39395 27019 61522 46000 28018 53759 70576 56000 33526 27295 97617 54781 79511 31241 88278 84629 57035 47043 69971 16031 46872 79762 43738 54745 32650 14866 82873 35171 7280 60008 87321 63246 18028 74169 43829 81394 45706 0 61717 74000 32016 52154 45011 52000 84723 38275 33106 87664 11402 68622 54129 56321 31575 38419 27019 57079 52773 13454 41629 51971 31016 78390 38588 38833 
27459 57454 73573 46615 57559 8062 44553 40719 11662 24698 26907 46043 75432 61522 49820 29069 31257 45618 50 40012 70214 57140 67720 41000 37855 48332 38833 20396 44553 30480 62370 23770 51865 45541 13601 72471 49010 60208 48166 31780 76059 76485 74733 50695 66030 43012 29155 6403 45343 44204 79120 26306 32062 61717 0 28018 85440 52393 39051 28160 67417 27203 77389 36139 50606 25456 25632 34015 37577 66219 45618 44147 31401 61400 24698 66030 77827 21024 24413 63789 
46011 62434 77006 18601 83522 35355 41037 14036 18028 25000 6403 70406 87664 54644 35847 53852 55317 49739 33242 33941 71589 45188 49163 27785 60531 51313 28302 19416 17493 46174 35847 25020 79202 71784 15620 79756 40804 36139 41869 21932 76381 87321 52612 48836 80081 26926 19925 21633 55973 19416 75000 12369 29682 74000 28018 0 88865 79120 33971 55462 43012 49649 77795 13892 64761 5385 53235 61774 42953 62482 49739 29967 23431 68476 32757 55902 79310 15133 37216 59666 
61465 28018 12042 95294 80753 82298 48010 99569 80920 106405 82462 70 28178 39560 59615 72035 69635 40460 64622 55218 17493 52202 65376 63632 64630 38210 116000 72139 88119 56859 90521 105759 89051 79006 90028 16000 50537 80777 48374 67007 14318 23707 77104 40224 34928 66648 106066 85000 41231 81841 24331 99035 59464 32016 85440 88865 0 84149 55000 82225 83361 67052 13153 102616 41437 83738 83934 87298 48415 30083 40460 63063 65437 24698 61400 44407 10440 97622 61057 32573 
38897 64514 76118 97170 7211 44385 71218 92655 61098 74061 76059 14866 59540 84723 85563 26077 25612 61400 88459 72139 77621 88238 104062 79398 24413 64008 89090 63632 93477 42521 109293 73062 5385 7810 65970 68184 78873 104202 76217 72201 83199 63285 114560 71868 50090 83096 80505 58241 50567 91066 92655 78645 65856 52154 52393 79120 84149 0 70725 24331 111041 32016 83952 88527 44385 75240 27166 20100 57801 83259 61400 82134 70605 62586 54672 92114 82377 73164 48918 82292 
31890 29732 43267 41761 72346 40447 7071 44777 30083 54120 27586 57489 57559 22804 14866 45804 45453 18111 18358 1414 37643 18974 33422 11045 46755 18682 61717 19925 34928 28320 43738 53666 73110 62968 38079 47170 10050 36056 9220 12042 42426 56294 43932 14866 52010 15133 52202 35693 28443 29275 42059 44822 7000 45011 39051 33971 55000 70725 0 53235 42048 39205 43841 47634 38833 29000 52802 60415 14866 29155 18111 12649 10630 36401 17464 27000 45343 44418 22472 26420 
23345 57079 71847 73824 30 20248 55714 68710 37590 50010 53000 21471 63632 71568 67417 10198 12649 49497 69405 54589 71113 72014 86284 60 18868 52469 65000 41773 70725 28284 87459 49010 23770 18028 41761 66761 62650 83439 60539 51740 77162 66189 95603 58694 53339 63253 56223 34176 42107 69029 84149 54342 47170 52000 28160 55462 82225 24331 53235 0 90521 16031 78230 64288 41110 51971 3162 7211 43417 72691 49497 63008 50448 57871 35847 78109 77524 48836 30871 71021 
72422 66483 74243 30067 113464 72801 44922 40012 55758 67268 41146 98737 95525 44181 28160 85147 85428 58241 23770 40719 67268 32000 18788 31906 87920 57489 65031 48918 26306 69642 11180 67469 112699 103233 57775 82006 37855 7211 41000 38949 69051 93193 12083 49649 91984 28018 60407 61400 69893 23770 61033 53935 45486 84723 67417 43012 83361 111041 42048 90521 0 79025 70214 48010 80324 42953 89196 97622 56859 53460 58241 29530 40460 73437 56400 39051 72993 57974 62201 51245 
7616 41195 56294 66761 34886 20125 40706 63640 32062 51865 45607 20881 51088 55973 53907 6708 6403 33541 56569 40608 55227 57454 72622 47424 11000 36497 65970 32311 62394 12369 77524 50922 33971 24207 39205 52000 48021 72201 45651 40224 61294 53009 82759 43012 41037 51088 56089 31257 26306 59481 68118 52154 33941 38275 27203 49649 67052 32016 39205 16031 79025 0 62394 61008 26926 45122 17117 22561 27857 56719 33541 50210 38601 42450 22672 62769 61814 47518 16971 55109 
55902 21213 8602 83006 81609 75273 36770 87801 71561 96835 71421 69231 34713 26571 46957 68118 66030 31780 51894 43863 7280 39217 52240 51614 62129 29069 105475 62201 75802 50990 77492 96260 88459 77929 80449 19105 38275 67720 36401 55866 1414 30610 64031 29000 38275 54378 95776 76158 36125 69462 12530 88527 49041 33106 77389 77795 13153 83952 43841 78230 70214 62394 0 91351 39623 72835 79511 84024 39812 17088 31780 50774 54452 21378 52773 31257 3162 87618 53488 19698 
58310 76322 90802 18248 93557 44147 54672 8246 29017 21633 20248 81302 101390 67476 47707 64382 66189 63632 44294 47508 85276 57140 58241 40460 72007 65192 17263 32894 22204 59034 38471 22204 87932 81584 22561 93648 53814 42107 55154 35609 89939 101134 59135 62482 93606 38833 13416 30414 69642 27203 87966 10296 43566 87664 36139 13892 102616 88527 47634 64288 48010 61008 91351 0 78160 19235 61685 69893 56798 75690 63632 42202 37202 82365 46174 67956 92957 16125 50220 72863 
23345 20591 32062 78102 42544 45255 35468 78262 50567 74626 59034 29614 24839 43863 52202 31016 28460 22361 56613 40025 33242 51108 68096 49820 23195 23854 87207 45354 72000 20248 82565 73783 48836 38328 59481 25710 42953 74726 39812 47000 38833 26249 80062 32450 15652 53935 76922 52479 10440 67119 48466 71309 38013 11402 50606 64761 41437 44385 38833 41110 80324 26926 39623 78160 0 59439 43081 45891 24187 40224 22361 51420 45000 18248 32016 51662 38210 67978 28231 39825 
41110 57140 71840 21932 79379 32202 36069 19026 14422 27459 2000 65970 82280 50249 32280 49649 50961 44418 30265 29069 66528 41437 47011 23770 55902 46043 32802 14142 19105 41049 37014 27295 75591 67779 14866 74431 36359 35847 37202 17029 71421 81939 51662 43841 74726 23537 23707 19105 50596 19235 70456 16125 24413 68622 25456 5385 83738 75240 29000 51971 42953 45122 72835 19235 59439 0 49930 58523 37577 57801 44418 26249 18385 63135 27459 52000 74277 17263 32062 55000 
24021 58310 73348 71694 33015 17889 55660 66310 35511 47000 51039 24597 66038 71805 66731 12083 14765 50160 68505 54129 72339 71694 85586 59076 21401 53151 62008 40311 68819 29017 85796 46000 26249 21095 39217 68622 62394 82073 60407 50606 78409 68476 94626 59034 55758 62201 53339 31780 43417 67357 85024 51662 46530 54129 25632 53235 83934 27166 52802 3162 89196 17117 79511 61685 43081 49930 0 8602 43738 73335 50160 62129 49406 59439 35341 78160 78918 46098 30676 71568 
30083 63008 77318 80262 26683 26420 62769 74733 44102 54231 59641 21932 67119 78447 74626 16125 18000 56089 76609 61774 77000 79158 93493 67201 22804 59034 69260 48795 77421 34928 94366 53235 18248 15652 47539 71589 69778 90521 67624 58898 83006 70007 102801 65521 56859 70434 61000 40249 48010 75928 90449 59775 54378 56321 34015 61774 87298 20100 60415 7211 97622 22561 84024 69893 45891 58523 8602 0 50289 79246 56089 70214 57628 63285 43046 85094 83150 54120 38013 77666 
20248 20518 36401 54452 58694 35903 13454 55660 32558 58052 36770 43863 44922 28160 29155 34540 33541 8062 33106 16155 32650 30480 46755 25710 33422 10770 68411 24413 48094 15652 58464 57385 60745 50220 41725 37202 21213 50922 18439 23195 38484 44385 58009 15297 38210 29833 58258 36620 14000 43012 42426 51614 14142 31575 37577 42953 48415 57801 14866 43417 56859 27857 39812 56798 24187 37577 43738 50289 0 30017 8062 27514 21213 25807 13038 34928 40311 49578 14142 28018 
49366 19849 21024 66287 82365 65620 22361 71589 58694 83241 56223 68447 45310 9487 30017 63151 61612 23195 34886 28844 14036 22136 36014 35384 59464 20224 90604 48754 59076 44407 60440 82765 87092 76322 67082 30083 21932 50695 20616 40804 15811 42059 48166 15524 45222 37802 81271 63906 32696 52697 13000 73817 35341 38419 66219 62482 30083 83259 29155 72691 53460 56719 17088 75690 40224 57801 73335 79246 30017 0 23195 34205 39661 25000 41773 15133 19647 73573 44102 2828 
26173 12806 28425 59666 61400 43681 13342 61847 40460 65947 43417 46872 39459 23324 30083 40025 38601 0 34713 19026 24597 28844 45793 29017 37121 3000 75928 31890 52953 21213 61294 65299 64846 54120 49578 30017 20616 52953 17464 28792 30463 38328 57706 10630 34132 33000 65856 44654 12207 47381 35057 59034 20125 27019 45618 49739 40460 61400 18111 49497 58241 33541 31780 63632 22361 44418 50160 56089 8062 23195 0 30067 26926 18788 21095 30806 32249 57280 21840 21587 
43278 40447 52000 32249 84202 47539 17029 37483 33242 53600 24352 69405 69116 25456 6083 56586 56586 30067 6403 11402 45618 15232 23770 3162 58600 30017 58181 23770 25060 40224 31257 53367 84149 74330 39115 57489 12530 23409 14866 12369 49396 67476 32650 23770 64195 3606 49769 39319 41000 18788 45967 42154 16279 57079 44147 29967 63063 82134 12649 63008 29530 50210 50774 42202 51420 26249 62129 70214 27514 34205 30067 0 13000 47381 27586 25942 52839 43417 33242 31401 
32249 39357 53600 33242 73246 34540 17692 34928 21024 43863 17029 58669 65970 32696 18439 44688 45000 26926 19235 10817 48166 26019 36770 9849 47885 28178 51088 11045 27000 30083 39395 43463 72250 62801 28160 56798 18974 33601 19235 2000 53038 65146 45222 25456 59414 12806 41617 27000 35128 22361 52479 34205 7071 52773 31401 23431 65437 70605 10630 50448 40460 38601 54452 37202 45000 18385 49406 57628 21213 39661 26926 13000 0 45695 16125 35693 55902 34000 21954 36892 
36770 7000 14036 78160 60407 57801 30414 80623 58052 83451 62177 47854 22091 31385 46000 47676 45398 18788 51010 37108 15232 41773 58241 46872 41000 17720 94202 50220 71309 32202 78026 82735 67082 56569 67268 11402 36000 69029 33015 47539 20616 20100 70605 24000 20248 50636 84024 61555 16553 65513 30887 77421 38910 13454 61400 68476 24698 62586 36401 57871 73437 42450 21378 82365 18248 63135 59439 63285 25807 25000 18788 47381 45695 0 38210 38910 20025 75286 37014 25554 
16125 33422 49406 47170 57140 24021 21095 46390 19849 45255 27166 42544 55462 38013 31623 29000 29069 21095 33971 18788 45651 36401 50478 24759 31765 23707 56303 13342 41773 14318 55462 44553 56569 46861 29069 49578 27203 49649 25495 17889 51430 55570 60208 26306 47434 28425 46043 23601 23707 37947 54571 39825 11402 41629 24698 32757 61400 54672 17464 35847 56400 22672 52773 46174 32016 27459 35341 43046 13038 41773 21095 27586 16125 38210 0 43566 53339 37202 5831 39459 
55154 32757 36125 55866 92201 67268 22561 62626 56569 79057 50160 77666 60083 7810 20248 69462 68447 30806 24083 26019 29155 10817 21024 28231 67742 28425 84119 46390 48795 50567 47011 78746 95383 84723 63789 45122 17029 37162 18111 36139 30150 57009 33061 20248 59059 29155 75644 62394 42521 42450 22361 68029 34000 51971 66030 55902 44407 92114 27000 78109 39051 62769 31257 67956 51662 52000 78160 85094 34928 15133 30806 25942 35693 38910 43566 0 34132 68949 47539 13601 
55543 20881 6325 85088 79812 75392 38288 89627 72422 97801 72918 67742 31828 29120 49244 67365 65192 32249 54231 45453 7810 41761 55145 53535 61008 29682 106794 63253 77897 50695 80081 97201 86977 76531 81400 16401 40311 70342 38275 57385 4000 27659 67007 30480 35847 56436 97000 76851 35511 71589 15652 89828 50249 31016 77827 79310 10440 82377 45343 77524 72993 61814 3162 92957 38210 74277 78918 83150 40311 19647 32249 52839 55902 20025 53339 34132 0 88730 53712 22136 
46174 70036 85586 31064 78518 29069 51313 22627 17493 10198 19235 67007 92282 66641 49477 50010 52086 57280 47518 44777 80920 58523 64031 40804 58421 59414 19235 25495 31953 47927 50160 10050 72277 66483 8544 86683 52802 51196 53235 33106 86215 92650 67742 58822 83630 40792 8944 16279 60745 34525 86452 5831 38601 78390 21024 15133 97622 73164 44418 48836 57974 47518 87618 16125 67978 17263 46098 54120 49578 73573 57280 43417 34000 75286 37202 68949 88730 0 39825 70831 
10296 33121 49244 52469 51313 21840 25000 51088 22361 47011 32000 36715 52479 41437 37014 23431 23345 21840 39598 23854 46239 41146 55803 30480 25942 24739 59059 18000 47297 9000 61270 46228 50931 41110 31385 48166 31780 55471 29732 23707 52202 53009 65795 29017 43863 34205 48765 24839 21260 43658 56569 43081 16971 38588 24413 37216 61057 48918 22472 30871 62201 16971 53488 50220 28231 32062 30676 38013 14142 44102 21840 33242 21954 37014 5831 47539 53712 39825 0 42012 
47676 19849 23022 63514 81633 63388 19698 68768 56080 80529 53413 67535 46487 7071 27295 61612 60166 21587 32202 26077 16031 19647 34132 32558 58310 18682 87801 46098 56303 42755 57974 80062 86006 75240 64405 31575 19105 48270 17804 38013 18385 43417 46390 13153 45793 35000 78492 61351 31765 49930 15652 71028 32696 38833 63789 59666 32573 82292 26420 71021 51245 55109 19698 72863 39825 55000 71568 77666 28018 2828 21587 31401 36892 25554 39459 13601 22136 70831 42012 0 
