0.000 8.246 48.270 41.183 21.213 28.231 36.878 21.095 18.788 56.586 37.443 44.045 35.341 43.932 20.100 59.034 12.649 17.205 19.698 51.856 29.732 58.669 
8.246 0.000 41.881 35.609 14.765 30.610 34.000 16.279 19.000 52.631 41.012 41.183 27.295 45.011 28.000 50.804 4.472 10.000 16.000 48.877 26.077 53.310 
48.270 41.881 0.000 57.219 27.203 43.417 65.376 27.586 58.694 76.655 52.345 71.063 22.023 82.970 61.855 37.483 38.079 31.906 29.833 77.026 57.706 14.142 
41.183 35.609 57.219 0.000 40.817 65.765 14.422 45.486 28.160 19.647 76.485 16.125 35.228 35.468 60.166 38.013 33.941 37.202 47.202 20.224 14.000 71.344 
21.213 14.765 27.203 40.817 0.000 28.231 43.932 5.000 32.757 59.933 39.395 50.695 17.000 58.310 37.336 43.186 11.402 5.099 7.616 57.871 35.693 38.626 
28.231 30.610 43.417 65.765 28.231 0.000 64.351 23.409 47.011 83.241 11.180 71.561 44.385 71.840 25.632 70.612 31.828 29.682 20.616 79.322 56.613 47.170 
36.878 34.000 65.376 14.422 43.932 64.351 0.000 47.802 19.416 20.248 74.202 7.211 43.738 21.213 53.254 51.740 34.176 39.294 48.703 15.000 8.246 79.158 
21.095 16.279 27.586 45.486 5.000 23.409 47.802 0.000 35.128 64.413 34.540 54.708 21.213 61.033 34.886 47.518 14.036 8.544 3.000 62.032 39.560 37.590 
18.788 19.000 58.694 28.160 32.757 47.011 19.416 35.128 0.000 39.661 56.080 26.249 40.000 26.019 33.838 57.306 21.378 27.659 35.000 33.971 14.318 71.169 
56.586 52.631 76.655 19.647 59.933 83.241 20.248 64.413 39.661 0.000 93.509 13.928 54.745 32.249 73.498 52.811 51.865 55.946 65.863 8.062 26.870 90.796 
37.443 41.012 52.345 76.485 39.395 11.180 74.202 34.540 56.080 93.509 0.000 81.400 55.362 79.850 29.017 81.492 42.638 40.817 31.780 89.202 66.708 53.852 
44.045 41.183 71.063 16.125 50.695 71.561 7.211 54.708 26.249 13.928 81.400 0.000 49.163 21.024 60.000 54.083 41.231 46.174 55.714 7.810 15.232 85.006 
35.341 27.295 22.023 35.228 17.000 44.385 43.738 21.213 40.000 54.745 55.362 49.163 0.000 62.394 53.600 26.306 22.825 18.682 24.187 55.009 36.401 36.125 
43.932 45.011 82.970 35.468 58.310 71.840 21.213 61.033 26.019 32.249 79.850 21.024 62.394 0.000 53.535 72.918 47.096 53.235 61.008 24.187 26.420 96.104 
20.100 28.000 61.855 60.166 37.336 25.632 53.254 34.886 33.838 73.498 29.017 60.000 53.600 53.535 0.000 78.518 32.062 34.928 32.249 67.624 47.413 69.296 
59.034 50.804 37.483 38.013 43.186 70.612 51.740 47.518 57.306 52.811 81.492 54.083 26.306 72.918 78.518 0.000 46.530 44.011 50.488 56.798 47.508 49.406 
12.649 4.472 38.079 33.941 11.402 31.828 34.176 14.036 21.378 51.865 42.638 41.231 22.825 47.096 32.062 46.530 0.000 6.325 14.560 48.754 26.000 49.980 
17.205 10.000 31.906 37.202 5.099 29.682 39.294 8.544 27.659 55.946 40.817 46.174 18.682 53.235 34.928 44.011 6.325 0.000 10.000 53.488 31.048 43.658 
19.698 16.000 29.833 47.202 7.616 20.616 48.703 3.000 35.000 65.863 31.780 55.714 24.187 61.008 32.249 50.488 14.560 10.000 0.000 63.159 40.497 39.115 
51.856 48.877 77.026 20.224 57.871 79.322 15.000 62.032 33.971 8.062 89.202 7.810 55.009 24.187 67.624 56.798 48.754 53.488 63.159 0.000 22.825 91.088 
29.732 26.077 57.706 14.000 35.693 56.613 8.246 39.560 14.318 26.870 66.708 15.232 36.401 26.420 47.413 47.508 26.000 31.048 40.497 22.825 0.000 71.344 
58.669 53.310 14.142 71.344 38.626 47.170 79.158 37.590 71.169 90.796 53.852 85.006 36.125 96.104 69.296 49.406 49.980 43.658 39.115 91.088 71.344 0.000 
