0.000 37.577 5.657 29.732 17.117 81.860 42.059 41.231 22.091 5.000 67.742 6.325 
37.577 0.000 32.311 45.607 32.016 58.009 57.940 32.249 18.439 32.696 56.365 42.190 
5.657 32.311 0.000 27.785 13.153 76.557 40.804 39.446 18.111 1.000 63.285 11.662 
29.732 45.607 27.785 0.000 16.279 64.351 13.454 65.115 41.231 28.653 43.829 34.928 
17.117 32.016 13.153 16.279 0.000 65.863 29.732 48.836 25.000 14.142 50.636 23.345 
81.860 58.009 76.557 64.351 65.863 0.000 66.287 90.050 73.164 77.473 25.962 88.142 
42.059 57.940 40.804 13.454 29.732 66.287 0.000 78.568 54.672 41.617 42.426 46.615 
41.231 32.249 39.446 65.115 48.836 90.050 78.568 0.000 24.083 38.949 87.596 41.231 
22.091 18.439 18.111 41.231 25.000 73.164 54.672 24.083 0.000 18.028 66.098 25.298 
5.000 32.696 1.000 28.653 14.142 77.473 41.617 38.949 18.028 0.000 64.281 10.817 
67.742 56.365 63.285 43.829 50.636 25.962 42.426 87.596 66.098 64.281 0.000 73.980 
6.325 42.190 11.662 34.928 23.345 88.142 46.615 41.231 25.298 10.817 73.980 0.000 
