0.000 34.059 45.044 42.450 24.352 65.924 43.012 50.090 65.000 67.119 69.635 30.480 93.680 30.150 57.706 90.802 48.094 50.567 69.007 5.657 19.313 27.019 37.656 59.414 16.971 54.489 81.320 76.295 95.964 55.227 79.511 31.623 47.508 49.041 55.579 69.893 75.505 106.231 74.813 68.964 65.000 27.893 87.281 54.148 79.177 91.066 51.478 46.174 93.862 34.886 44.553 25.962 85.212 21.190 16.553 88.091 60.745 82.620 37.736 57.428 99.282 70.803 51.478 87.693 64.885 6.083 84.172 88.685 74.330 20.616 80.604 79.850 59.615 62.201 28.178 41.773 41.400 77.782 39.812 12.530 69.116 89.872 39.825 73.376 68.250 31.575 47.011 8.602 63.008 84.095 88.204 35.228 79.630 66.370 46.065 59.933 96.042 4.243 90.449 39.699 
34.059 0.000 33.242 9.487 18.028 39.013 72.125 23.345 79.831 71.589 94.260 49.041 68.000 61.327 29.017 65.000 76.400 72.007 53.235 28.425 30.083 57.775 69.354 49.578 17.205 65.521 90.471 54.342 98.005 39.115 86.313 17.889 14.866 38.897 47.381 74.303 66.219 107.448 88.323 44.407 79.831 55.082 67.720 38.833 79.202 92.005 53.235 45.651 99.126 7.810 71.589 53.160 70.661 33.061 50.220 99.960 35.355 88.193 11.662 87.920 96.897 85.376 43.932 66.708 64.637 31.385 81.394 75.664 82.855 31.064 70.803 76.420 81.006 68.942 9.055 57.315 59.076 66.287 45.222 21.932 51.894 99.925 51.788 48.166 59.548 63.506 67.007 35.805 78.447 82.219 68.964 63.600 67.417 96.462 67.007 32.000 96.830 38.288 70.093 56.143 
45.044 33.242 0.000 30.414 22.804 28.018 62.936 20.000 54.332 40.522 76.158 35.355 51.000 57.689 25.710 48.374 65.299 53.666 24.021 41.049 54.406 54.378 65.000 16.643 34.482 39.319 60.415 32.311 65.192 10.440 55.362 17.000 30.364 5.657 14.142 43.012 33.615 74.404 61.008 27.659 54.332 47.802 42.297 9.220 46.325 59.076 23.087 16.031 67.119 41.012 59.666 46.615 40.792 26.571 54.708 70.859 22.472 56.648 22.204 78.645 63.655 59.076 10.817 42.953 32.202 39.115 48.166 44.922 52.953 25.962 38.471 43.186 61.098 39.319 39.408 37.121 40.311 34.540 21.024 40.025 24.083 69.857 30.414 32.016 26.627 60.745 48.301 52.086 53.600 49.041 43.186 55.227 36.056 85.604 49.244 25.632 63.820 48.260 45.541 37.216 
42.450 9.487 30.414 0.000 22.472 30.265 78.000 15.652 81.394 70.576 98.311 53.151 59.076 68.096 20.100 56.080 81.933 75.664 47.202 36.797 39.560 64.498 76.158 45.607 25.495 66.611 90.139 46.487 95.525 33.941 85.440 19.026 5.385 35.847 44.102 73.164 61.522 104.561 89.269 36.139 81.394 60.926 60.166 33.971 76.662 89.359 52.498 44.922 97.509 15.133 76.844 59.093 64.351 37.643 58.138 100.170 27.203 86.925 9.055 94.021 93.236 86.701 41.183 58.822 62.610 39.051 78.006 69.635 82.565 35.735 65.795 73.007 84.380 68.680 18.439 60.075 62.290 60.959 46.271 30.806 45.486 99.624 54.000 39.623 55.317 70.491 70.456 44.944 80.225 79.057 61.465 69.462 61.847 102.318 70.711 23.195 94.032 46.690 62.298 59.211 
24.352 18.028 22.804 22.472 0.000 41.629 55.543 26.077 62.097 55.803 76.420 31.145 69.376 46.043 33.838 66.483 59.464 54.037 46.530 19.416 31.623 42.438 54.083 39.000 11.705 48.104 73.824 52.345 83.487 32.140 70.178 7.280 26.420 27.857 35.777 58.600 55.946 93.338 70.838 44.643 62.097 38.484 64.008 31.257 65.069 77.782 37.643 30.414 83.600 24.042 54.406 36.674 63.561 15.297 37.802 82.855 36.401 72.422 15.000 71.589 84.024 67.720 31.765 64.070 50.210 19.235 68.411 67.720 66.242 13.342 60.926 63.600 63.000 52.479 19.723 39.319 41.049 57.245 28.178 17.263 46.174 83.187 33.956 49.041 48.754 48.600 49.000 30.150 60.638 68.884 65.031 47.011 58.822 79.850 49.041 35.847 82.735 28.231 67.007 38.118 
65.924 39.013 28.018 30.265 41.629 0.000 90.686 16.279 80.081 62.201 103.755 63.127 29.017 84.386 10.198 26.019 93.236 81.492 25.298 60.745 68.359 80.920 92.022 32.062 50.695 65.460 82.055 17.804 80.281 20.881 76.000 34.438 25.710 29.547 33.541 64.070 42.059 87.596 85.329 7.071 80.081 74.967 31.623 22.136 62.650 73.980 48.083 42.544 84.853 45.398 87.618 73.593 39.205 52.010 78.892 93.134 5.657 76.105 29.428 106.527 74.465 84.172 33.526 29.530 52.038 60.836 61.131 45.000 75.240 50.804 44.777 56.515 88.566 62.968 48.000 65.000 68.264 39.395 48.877 56.754 22.472 91.000 58.310 9.487 38.471 87.321 76.158 70.880 79.699 62.817 33.015 82.759 39.357 113.600 77.175 7.071 77.885 69.857 33.121 65.192 
43.012 72.125 62.936 78.000 55.543 90.686 0.000 78.492 39.051 55.326 28.653 27.586 112.614 13.601 86.023 110.259 5.385 20.224 80.994 47.096 61.522 16.125 10.000 68.264 56.089 39.459 58.694 93.408 79.630 72.250 60.531 60.415 81.860 63.127 64.351 57.140 78.186 89.269 47.760 90.521 39.051 17.088 99.479 70.838 69.260 77.104 50.990 51.865 73.756 75.505 6.083 18.974 91.788 40.706 29.120 60.415 85.041 64.498 70.214 16.125 88.006 43.324 61.612 101.548 60.166 42.297 76.531 92.698 54.452 42.485 82.541 74.148 25.060 49.366 69.051 29.547 26.000 82.462 43.600 54.231 82.662 64.257 34.986 94.795 72.498 13.892 22.091 48.662 36.878 75.326 99.850 8.544 84.694 24.352 20.100 87.006 81.302 40.200 103.078 28.178 
50.090 23.345 20.000 15.652 26.077 16.279 78.492 0.000 74.243 60.017 94.868 51.478 45.177 70.767 7.810 42.190 81.633 72.111 31.890 44.777 52.154 67.209 78.645 32.202 34.482 59.211 80.062 31.048 82.765 19.723 74.733 19.209 12.728 24.331 31.623 62.370 47.011 91.302 81.006 21.095 74.243 62.008 44.598 20.125 64.078 76.485 43.046 36.014 85.703 30.364 76.158 60.440 48.826 38.288 63.820 90.670 12.042 75.690 13.153 94.578 79.322 79.057 29.614 43.417 50.961 45.277 64.498 54.203 72.691 36.797 50.990 59.540 80.081 59.211 32.140 55.660 58.523 45.967 40.025 40.522 30.000 89.443 49.041 25.000 41.340 73.553 66.731 54.708 73.437 65.765 45.880 70.214 46.690 102.215 67.417 9.849 80.951 54.120 46.840 55.362 
65.000 79.831 54.332 81.394 62.097 80.081 39.051 74.243 0.000 22.672 28.844 34.670 93.193 47.413 79.906 91.586 36.222 18.974 60.902 66.038 83.762 47.170 48.384 49.244 69.462 15.033 19.647 75.180 41.012 59.203 22.023 62.650 83.054 50.990 46.819 23.022 50.931 50.359 9.899 76.896 0.000 40.608 76.059 57.974 34.438 39.319 32.016 38.328 34.713 86.128 32.985 41.869 65.054 48.847 59.034 23.345 75.186 26.019 72.339 46.271 50.636 5.831 46.573 79.202 32.016 60.745 42.048 63.891 16.125 50.695 53.814 41.340 16.279 18.601 81.271 23.707 23.601 55.902 35.128 71.120 63.530 26.077 28.160 80.231 48.010 49.659 19.416 73.246 2.236 40.311 75.928 38.910 58.000 48.083 21.095 79.429 43.046 64.537 79.511 25.554 
67.119 71.589 40.522 70.576 55.803 62.201 55.326 60.017 22.672 0.000 51.400 38.626 71.589 59.414 64.195 70.214 54.129 36.139 40.162 66.219 83.630 57.871 63.000 30.150 65.856 16.000 20.100 54.424 28.844 42.012 14.866 53.712 70.880 35.693 29.017 2.828 28.425 39.115 24.166 57.871 22.672 50.010 53.824 41.049 14.000 24.166 18.358 25.942 27.803 78.892 49.497 50.448 42.450 46.861 66.731 31.000 58.009 16.643 61.847 66.098 33.734 24.413 30.414 57.140 10.440 61.612 21.213 41.231 13.038 48.166 31.145 19.313 37.590 6.000 75.452 28.636 31.257 33.422 28.284 69.311 43.012 29.428 27.731 60.638 26.401 62.290 33.242 75.717 23.601 20.025 53.600 52.038 35.468 69.354 35.228 63.032 29.069 68.096 57.201 30.806 
69.635 94.260 76.158 98.311 76.420 103.755 28.653 94.868 28.844 51.400 0.000 45.277 120.254 42.048 101.592 118.406 23.324 22.804 87.618 72.835 88.769 44.011 38.013 75.213 80.056 39.825 44.385 101.607 66.708 83.241 49.041 79.429 101.203 74.243 72.111 51.865 79.310 74.673 32.280 101.710 28.844 41.773 103.966 81.884 63.135 66.408 56.859 61.294 58.694 99.005 25.298 43.738 93.509 61.205 57.385 41.000 98.412 52.811 89.627 24.597 77.795 29.155 70.831 106.888 60.141 67.602 70.711 92.617 43.863 63.198 82.462 70.178 15.264 46.755 93.022 39.217 36.401 84.220 55.154 79.511 90.000 46.043 45.880 105.475 75.690 42.544 28.160 76.243 27.803 68.884 103.947 34.785 86.371 22.091 27.659 101.769 69.376 67.446 107.490 39.560 
30.480 49.041 35.355 53.151 31.145 63.127 27.586 51.478 34.670 38.626 45.277 0.000 85.446 24.042 58.830 83.006 30.232 23.022 54.562 31.385 49.092 21.378 30.414 42.154 35.903 24.413 50.990 66.287 67.082 44.822 49.649 34.482 56.321 35.805 38.079 41.231 54.589 77.369 44.407 62.968 34.670 13.601 73.410 43.417 51.923 62.769 27.074 25.632 64.070 54.148 24.698 13.153 67.186 16.000 28.160 57.628 57.489 53.000 44.643 43.417 72.125 40.497 34.886 75.133 39.205 26.077 58.052 69.051 44.204 18.000 59.414 54.452 32.140 33.106 48.508 11.314 11.180 58.249 17.088 36.770 55.946 59.414 11.180 67.268 48.052 27.203 18.248 38.897 32.757 57.489 73.926 20.000 60.415 50.774 18.028 59.641 67.624 30.480 76.968 9.220 
93.680 68.000 51.000 59.076 69.376 29.017 112.614 45.177 93.193 71.589 120.254 85.446 0.000 108.559 39.013 3.000 114.215 99.725 32.650 88.769 97.329 105.309 115.663 45.277 79.246 80.430 88.955 19.209 79.630 40.817 82.280 62.097 54.231 49.649 48.795 72.450 44.011 84.006 95.713 24.739 93.193 98.478 19.235 42.190 66.098 73.980 63.702 60.959 86.683 74.169 108.577 97.417 32.388 77.389 105.309 99.960 33.377 80.957 58.310 127.664 70.007 95.880 51.088 15.297 61.400 88.233 61.392 37.054 83.672 76.557 43.417 58.241 105.119 74.626 77.006 84.220 87.784 39.217 69.029 85.329 30.414 96.462 77.987 20.396 45.277 111.647 94.752 99.247 93.477 63.561 20.100 105.437 37.643 133.690 96.177 36.000 76.420 97.417 17.000 85.041 
30.150 61.327 57.689 68.096 46.043 84.386 13.601 70.767 47.413 59.414 42.048 24.042 108.559 0.000 78.518 106.000 18.974 28.844 78.390 34.713 48.166 3.606 8.062 66.129 44.598 43.566 66.708 89.554 86.128 67.742 67.357 51.856 72.402 59.059 62.032 61.660 78.447 96.167 56.939 85.212 47.413 10.440 97.309 66.370 73.335 82.765 50.804 49.649 81.345 63.891 17.205 11.180 91.214 32.527 15.524 70.178 78.746 71.169 61.033 27.295 93.059 52.479 58.694 98.899 62.073 30.364 80.100 92.962 61.351 33.971 83.187 77.000 36.069 53.460 57.280 31.016 28.160 82.225 41.110 41.976 79.624 73.430 34.366 89.627 72.035 3.162 28.231 35.228 45.177 79.228 97.862 8.602 84.404 36.222 26.401 79.906 87.321 27.000 100.846 29.000 
57.706 29.017 25.710 20.100 33.838 10.198 86.023 7.810 79.906 64.195 101.592 58.830 39.013 78.518 0.000 36.014 89.045 78.924 31.623 52.326 58.694 74.967 86.371 34.928 41.785 64.938 84.291 27.295 85.094 22.361 78.638 27.019 15.524 29.069 35.228 66.370 47.885 93.107 86.145 16.553 79.906 69.656 41.183 23.195 66.761 78.772 48.166 41.593 88.769 35.228 83.528 68.118 47.381 46.011 71.610 95.131 8.485 79.246 20.248 102.078 80.529 84.481 34.000 39.395 54.589 53.000 66.310 53.038 77.104 44.553 51.313 61.465 86.649 64.008 38.053 62.394 65.391 46.043 46.487 47.760 29.206 93.536 55.714 19.647 43.081 81.320 73.539 62.032 79.246 67.779 42.544 77.801 46.400 109.604 74.324 3.162 83.006 61.774 42.953 62.241 
90.802 65.000 48.374 56.080 66.483 26.019 110.259 42.190 91.586 70.214 118.406 83.006 3.000 106.000 36.014 0.000 111.946 97.673 30.806 85.866 94.340 102.728 113.159 43.278 76.295 78.600 87.920 16.971 79.310 38.275 81.271 59.203 51.245 47.202 46.690 71.176 43.012 84.024 94.372 21.840 91.586 95.964 19.000 39.661 65.253 73.553 61.717 58.728 86.145 71.176 106.301 94.874 32.062 74.686 102.552 98.980 30.414 80.081 55.326 125.399 70.029 94.414 48.836 15.000 59.942 85.381 60.828 37.014 82.462 73.824 42.755 57.489 103.233 73.062 74.007 82.037 85.586 38.328 66.708 82.377 28.425 95.603 75.743 17.464 43.829 109.078 92.655 96.317 91.810 62.968 20.025 103.005 36.878 131.529 94.048 33.000 76.164 94.557 17.263 82.807 
48.094 76.400 65.299 81.933 59.464 93.236 5.385 81.633 36.222 54.129 23.324 30.232 114.215 18.974 89.045 111.946 0.000 18.111 82.201 52.010 66.753 21.378 14.866 69.405 60.671 38.601 55.731 95.016 77.162 74.250 58.078 63.977 85.615 65.054 65.605 55.731 78.294 86.579 44.385 92.698 36.222 21.378 100.404 72.835 67.897 75.007 51.624 53.263 70.859 80.062 5.657 23.345 92.130 44.385 34.482 56.648 87.618 62.073 73.926 13.454 86.093 40.025 63.127 102.650 59.808 47.096 75.313 92.704 52.038 46.239 82.462 73.246 21.190 48.270 73.682 30.232 26.627 82.735 45.277 59.076 84.024 60.729 36.235 96.897 72.945 19.235 21.190 53.935 34.132 73.980 100.703 13.038 84.971 20.591 19.313 89.872 79.025 45.398 104.010 29.206 
50.567 72.007 53.666 75.664 54.037 81.492 20.224 72.111 18.974 36.139 22.804 23.022 99.725 28.844 78.924 97.673 18.111 0.000 67.179 52.811 69.857 29.069 29.411 54.452 58.694 21.024 38.601 80.722 59.414 61.294 40.311 56.719 78.447 52.154 50.990 37.656 61.400 69.051 28.178 79.881 18.974 23.601 84.646 59.908 49.820 57.009 36.069 39.408 53.600 77.162 14.142 25.239 75.472 39.013 41.773 41.340 76.059 44.283 66.910 30.083 68.029 23.707 49.204 87.207 42.485 47.434 57.271 75.591 34.234 41.012 65.299 55.362 9.220 30.364 71.449 16.553 13.601 66.038 32.650 58.941 69.311 44.721 23.259 83.815 56.613 30.887 5.385 58.181 16.763 55.902 84.812 20.248 68.264 34.409 5.000 79.202 61.131 49.244 88.238 16.763 
69.007 53.235 24.021 47.202 46.530 25.298 80.994 31.890 60.902 40.162 87.618 54.562 32.650 78.390 31.623 30.806 82.201 67.179 0.000 65.069 77.878 75.392 84.971 12.806 58.052 47.802 59.034 14.318 55.109 14.560 52.612 40.025 44.598 20.224 16.643 41.485 16.763 62.298 64.257 19.235 60.902 68.029 18.974 15.297 38.013 48.836 31.113 29.155 60.133 60.902 76.609 67.231 17.464 49.649 77.666 70.214 23.324 52.154 41.593 95.603 49.244 63.977 19.698 20.591 29.732 63.032 35.903 22.472 52.887 49.366 19.723 31.401 72.471 42.485 60.926 52.010 55.606 14.422 37.590 63.789 3.000 67.476 46.043 21.024 14.142 81.541 62.290 76.105 61.057 37.656 19.647 74.303 14.866 101.316 63.781 29.155 52.631 72.111 22.472 53.009 
5.657 28.425 41.049 36.797 19.416 60.745 47.096 44.777 66.038 66.219 72.835 31.385 88.769 34.713 52.326 85.866 52.010 52.811 65.069 0.000 17.804 31.401 42.450 56.089 11.314 54.562 81.468 71.701 95.000 51.010 79.209 26.683 41.869 45.398 52.393 69.029 72.533 105.209 75.717 64.031 66.038 31.145 83.054 50.000 77.698 89.872 49.739 43.863 93.434 29.547 48.094 29.155 81.615 19.416 21.954 88.814 55.660 82.134 32.249 61.984 97.617 71.868 48.270 83.295 63.135 5.385 82.298 85.329 74.277 18.358 77.621 77.820 61.984 61.620 22.847 42.438 42.544 74.525 38.275 7.280 65.000 90.272 39.623 68.411 65.253 36.401 48.847 11.045 64.140 82.365 84.024 39.000 76.295 70.859 48.104 54.626 94.868 9.899 86.145 40.497 
19.313 30.083 54.406 39.560 31.623 68.359 61.522 52.154 83.762 83.630 88.769 49.092 97.329 48.166 58.694 94.340 66.753 69.857 77.878 17.804 0.000 45.398 55.000 70.576 19.925 72.346 99.247 82.098 112.294 63.348 96.876 37.855 44.922 59.464 67.231 86.452 87.464 122.442 93.477 73.027 83.762 47.127 94.641 62.586 94.626 107.005 66.611 60.208 111.036 26.420 63.561 45.222 95.079 36.797 33.000 106.607 64.070 99.725 39.051 75.000 114.280 89.588 63.159 94.260 79.881 23.022 98.793 99.328 92.022 35.468 92.477 94.154 78.924 79.209 21.190 60.216 60.208 88.865 55.444 14.765 77.279 108.074 57.385 77.104 80.231 49.010 66.189 13.000 81.835 99.020 95.755 54.129 90.443 84.000 65.307 61.522 112.004 21.378 97.417 58.249 
27.019 57.775 54.378 64.498 42.438 80.920 16.125 67.209 47.170 57.871 44.011 21.378 105.309 3.606 74.967 102.728 21.378 29.069 75.392 31.401 45.398 0.000 11.662 63.246 41.110 42.202 66.189 86.354 85.071 64.498 66.483 48.270 68.797 55.902 59.135 60.208 75.954 95.189 56.859 81.841 47.170 8.000 94.340 63.135 71.701 81.492 48.374 46.840 80.623 60.440 18.788 8.246 88.527 29.000 13.416 70.214 75.286 70.228 57.428 30.594 91.591 52.431 55.714 95.854 60.000 26.926 78.313 90.427 60.539 30.414 80.753 75.060 36.878 51.971 53.852 29.275 26.683 79.624 38.328 38.639 76.557 73.246 32.062 86.267 69.426 6.403 27.785 32.558 44.944 77.524 94.921 9.434 81.786 39.459 26.077 76.381 86.128 24.083 97.862 27.166 
37.656 69.354 65.000 76.158 54.083 92.022 10.000 78.645 48.384 63.000 38.013 30.414 115.663 8.062 86.371 113.159 14.866 29.411 84.971 42.450 55.000 11.662 0.000 72.498 52.555 47.000 68.007 96.566 88.459 74.887 69.426 59.816 80.455 66.038 68.447 65.031 83.934 98.270 57.385 92.617 48.384 17.205 103.788 73.498 77.000 85.586 56.321 55.946 82.970 71.784 15.652 18.439 97.082 40.361 22.000 70.214 86.371 73.348 69.065 20.000 96.255 52.924 65.299 105.546 66.753 38.275 84.054 98.494 63.348 41.869 88.527 81.302 34.986 57.000 65.146 35.511 32.249 87.932 47.424 49.729 86.354 73.926 39.850 97.005 77.795 6.083 30.265 42.000 46.174 83.006 104.278 11.180 90.139 29.000 28.284 87.693 89.944 34.234 107.355 33.734 
59.414 49.578 16.643 45.607 39.000 32.062 68.264 32.202 49.244 30.150 75.213 42.154 45.277 66.129 34.928 43.278 69.405 54.452 12.806 56.089 70.576 63.246 72.498 0.000 50.695 35.511 50.010 26.401 50.567 12.649 44.045 33.615 44.418 11.180 4.123 32.016 17.000 59.169 53.600 27.893 49.244 55.714 31.305 12.083 31.953 44.283 18.439 16.553 53.852 57.385 63.820 55.027 26.019 39.000 66.483 61.074 28.071 44.407 38.184 82.801 47.634 52.811 8.000 33.287 20.000 53.339 32.450 29.275 43.186 39.051 21.932 27.459 60.000 31.321 56.036 39.205 42.802 18.439 25.080 55.973 14.866 59.034 33.287 31.016 10.000 69.289 49.518 67.082 49.193 33.615 31.780 61.717 20.224 88.527 50.990 33.377 48.765 62.129 34.886 40.224 
16.971 17.205 34.482 25.495 11.705 50.695 56.089 34.482 69.462 65.856 80.056 35.903 79.246 44.598 41.785 76.295 60.671 58.694 58.052 11.314 19.925 41.110 52.555 50.695 0.000 56.436 82.928 63.032 94.069 43.566 79.812 18.111 30.610 39.560 47.424 68.680 67.624 104.062 78.721 54.589 69.462 39.319 75.166 42.755 75.928 88.527 48.104 41.231 93.606 19.416 56.223 37.336 75.186 20.616 33.015 91.302 45.891 82.329 21.541 71.568 95.210 75.240 43.382 75.007 61.074 14.318 79.630 79.404 75.452 18.788 72.615 74.887 67.897 62.008 13.038 45.880 46.840 68.949 37.643 6.083 57.559 92.114 41.593 58.856 60.415 46.615 54.129 20.248 67.779 80.000 76.236 47.676 70.520 80.281 53.759 44.272 93.509 21.213 78.058 44.272 
54.489 65.521 39.319 66.611 48.104 65.460 39.459 59.211 15.033 16.000 39.825 24.413 80.430 43.566 64.938 78.600 38.601 21.024 47.802 54.562 72.346 42.202 47.000 35.511 56.436 0.000 26.907 61.855 43.081 44.598 25.239 48.052 68.118 36.139 32.650 18.111 40.497 53.310 22.804 62.650 15.033 34.482 64.382 43.324 30.000 39.294 17.464 23.345 39.661 72.111 33.734 35.114 54.644 36.056 51.894 34.886 60.440 28.653 57.559 51.078 49.497 20.100 31.953 67.179 21.471 49.518 37.121 54.589 19.849 37.736 44.294 34.713 24.759 10.000 67.624 13.416 15.524 45.222 20.396 58.822 50.220 35.805 15.000 66.189 36.125 46.390 17.464 63.032 14.318 36.014 64.444 36.056 47.434 55.227 19.416 64.537 43.966 54.818 67.941 15.652 
81.320 90.471 60.415 90.139 73.824 82.055 58.694 80.062 19.647 20.100 44.385 50.990 88.955 66.708 84.291 87.920 55.731 38.601 59.034 81.468 99.247 66.189 68.007 50.010 82.928 26.907 0.000 73.007 22.361 62.073 6.708 72.615 90.708 55.731 49.092 18.000 44.944 31.016 12.166 77.414 19.647 59.169 70.264 61.131 23.324 22.361 37.643 45.222 15.133 97.509 52.631 60.208 57.706 62.801 77.389 11.180 78.006 9.220 81.271 65.000 33.615 16.000 50.488 73.926 30.017 76.420 29.833 54.918 7.616 64.405 46.065 31.385 35.057 21.541 93.536 39.699 40.804 49.769 45.651 85.604 61.984 9.487 41.869 79.906 44.911 69.080 38.484 89.828 21.840 27.659 69.778 58.310 51.478 65.620 40.311 83.096 25.000 81.468 73.348 41.869 
76.295 54.342 32.311 46.487 52.345 17.804 93.408 31.048 75.180 54.424 101.607 66.287 19.209 89.554 27.295 16.971 95.016 80.722 14.318 71.701 82.098 86.354 96.566 26.401 63.032 61.855 73.007 0.000 67.186 21.932 66.491 45.177 42.544 30.529 29.732 55.660 29.017 73.348 78.549 10.817 75.180 79.404 13.892 23.259 51.245 61.074 44.822 41.773 73.027 61.400 89.376 78.390 22.361 58.873 86.977 84.172 19.313 65.765 43.417 108.467 59.666 78.294 31.890 12.369 44.011 70.612 48.042 28.178 67.052 58.189 30.265 44.011 86.400 56.798 62.968 65.069 68.622 25.080 49.820 69.065 11.662 81.216 58.796 9.434 28.160 92.661 75.690 82.492 75.293 50.010 15.264 86.267 24.331 114.560 77.078 24.187 64.382 79.831 15.811 65.856 
95.964 98.005 65.192 95.525 83.487 80.281 79.630 82.765 41.012 28.844 66.708 67.082 79.630 86.128 85.094 79.310 77.162 59.414 55.109 95.000 112.294 85.071 88.459 50.567 94.069 43.081 22.361 67.186 0.000 63.159 19.105 80.430 94.826 59.682 51.478 26.077 38.471 10.296 34.525 74.330 41.012 77.492 60.407 62.650 18.868 6.325 45.967 53.075 9.220 105.603 73.553 78.186 47.265 75.604 94.937 28.302 77.492 15.133 87.367 87.092 12.728 38.210 54.378 64.382 33.422 90.443 19.235 42.755 25.179 76.837 37.014 23.770 57.035 34.000 102.825 56.462 58.523 42.107 56.851 97.837 58.052 23.022 56.436 75.664 42.059 88.769 58.249 104.561 43.046 17.464 59.540 78.102 43.012 87.966 60.208 83.169 3.606 96.897 62.801 58.694 
55.227 39.115 10.440 33.941 32.140 20.881 72.250 19.723 59.203 42.012 83.241 44.822 40.817 67.742 22.361 38.275 74.250 61.294 14.560 51.010 63.348 64.498 74.887 12.649 43.566 44.598 62.073 21.932 63.159 0.000 56.321 25.495 32.202 9.220 13.000 44.102 27.586 71.589 64.630 18.601 59.203 57.689 32.062 1.414 44.598 56.859 27.203 21.954 66.483 46.872 68.593 56.604 31.953 37.000 65.146 73.007 16.125 56.886 27.459 87.681 59.641 63.348 12.649 32.558 32.249 49.366 44.777 36.674 55.000 36.401 31.890 39.825 68.000 42.297 46.519 45.000 48.415 27.203 29.069 49.366 14.036 71.253 38.419 22.672 21.633 70.831 56.036 62.000 58.822 46.065 33.015 64.815 28.302 94.260 57.201 21.024 61.270 58.549 35.228 45.453 
79.511 86.313 55.362 85.440 70.178 76.000 60.531 74.733 22.023 14.866 49.041 49.649 82.280 67.357 78.638 81.271 58.078 40.311 52.612 79.209 96.876 66.483 69.426 44.045 79.812 25.239 6.708 66.491 19.105 56.321 0.000 68.425 85.726 50.448 43.417 12.369 38.275 28.862 17.000 71.176 22.023 59.093 63.561 55.444 16.643 17.464 33.106 40.719 14.422 93.536 54.452 59.933 51.000 60.141 76.942 17.720 72.111 4.000 76.694 68.264 28.862 19.925 45.122 67.231 24.083 74.330 23.345 48.260 6.083 61.620 39.357 24.698 38.210 17.804 89.889 38.588 40.249 43.081 42.202 82.879 55.579 15.000 39.699 73.553 38.471 69.921 39.294 88.091 24.000 21.213 63.071 59.203 44.777 69.635 41.231 77.318 21.024 80.000 66.641 40.817 
31.623 17.889 17.000 19.026 7.280 34.438 60.415 19.209 62.650 53.712 79.429 34.482 62.097 51.856 27.019 59.203 63.977 56.719 40.025 26.683 37.855 48.270 59.816 33.615 18.111 48.052 72.615 45.177 80.430 25.495 68.425 0.000 21.840 22.472 30.806 56.436 50.606 90.028 70.831 37.363 62.650 43.566 57.079 24.739 61.717 74.518 35.355 27.785 81.302 25.239 58.694 41.881 57.280 19.723 44.654 82.219 29.155 70.328 10.198 76.538 79.981 68.066 27.019 57.009 47.011 26.401 64.382 61.685 65.000 18.028 55.471 59.464 65.376 51.078 22.672 41.049 43.290 51.478 27.659 24.021 39.459 82.079 35.014 41.761 43.566 54.562 51.478 37.336 61.400 65.054 58.138 51.971 52.924 84.528 51.788 28.844 79.398 35.468 60.008 40.200 
47.508 14.866 30.364 5.385 26.420 25.710 81.860 12.728 83.054 70.880 101.203 56.321 54.231 72.402 15.524 51.245 85.615 78.447 44.598 41.869 44.922 68.797 80.455 44.418 30.610 68.118 90.708 42.544 94.826 32.202 85.726 21.840 0.000 35.468 43.382 73.376 59.666 103.586 90.554 31.953 83.054 64.846 56.365 32.450 76.026 88.589 53.151 45.706 97.309 20.000 80.411 63.063 61.400 41.231 62.968 101.000 23.259 86.977 11.705 97.944 91.837 88.204 40.853 54.781 62.394 43.863 76.851 66.843 83.199 39.395 63.702 71.868 86.977 69.426 23.770 62.514 64.938 58.694 48.000 36.056 42.638 100.170 56.223 35.171 53.824 74.887 73.164 50.249 82.006 78.032 57.697 73.348 59.414 106.104 73.546 18.682 93.150 51.740 58.310 61.814 
49.041 38.897 5.657 35.847 27.857 29.547 63.127 24.331 50.990 35.693 74.243 35.805 49.649 59.059 29.069 47.202 65.054 52.154 20.224 45.398 59.464 55.902 66.038 11.180 39.560 36.139 55.731 30.529 59.682 9.220 50.448 22.472 35.468 0.000 8.485 38.079 28.178 68.819 57.079 27.803 50.990 48.877 39.051 7.810 40.817 53.535 19.105 13.000 61.847 46.669 59.397 47.885 36.222 29.428 57.489 66.370 24.352 51.546 27.803 78.492 58.000 55.444 5.385 40.162 26.926 43.012 42.521 40.025 48.374 29.155 33.106 37.537 59.034 35.014 45.000 35.805 39.205 29.411 19.849 44.922 20.881 65.115 29.206 31.890 21.095 62.177 46.872 56.436 50.448 43.417 39.812 55.803 31.048 85.041 48.010 28.443 58.249 52.010 42.450 36.235 
55.579 47.381 14.142 44.102 35.777 33.541 64.351 31.623 46.819 29.017 72.111 38.079 48.795 62.032 35.228 46.690 65.605 50.990 16.643 52.393 67.231 59.135 68.447 4.123 47.424 32.650 49.092 29.732 51.478 13.000 43.417 30.806 43.382 8.485 0.000 31.145 20.248 60.465 51.788 30.083 46.819 51.624 35.341 12.042 32.650 45.277 15.264 12.530 54.083 55.154 60.000 50.922 30.067 35.014 62.394 60.008 29.069 44.147 36.235 79.025 49.518 50.695 4.123 37.216 19.416 49.497 34.059 33.136 42.000 35.128 25.298 29.069 56.859 29.428 53.413 35.468 39.051 22.204 21.024 52.555 18.439 58.310 29.411 33.541 13.000 65.192 45.967 63.348 46.615 35.000 35.847 57.706 24.083 84.900 47.381 34.015 49.930 58.215 38.910 36.401 
69.893 74.303 43.012 73.164 58.600 64.070 57.140 62.370 23.022 2.828 51.865 41.231 72.450 61.660 66.370 71.176 55.731 37.656 41.485 69.029 86.452 60.208 65.031 32.016 68.680 18.111 18.000 55.660 26.077 44.102 12.369 56.436 73.376 38.079 31.145 0.000 28.844 36.359 23.324 59.540 23.022 52.393 54.378 43.186 12.166 21.541 21.095 28.653 25.000 81.633 51.245 52.887 42.638 49.679 69.289 29.069 60.008 13.892 64.475 67.446 31.401 24.083 32.757 57.801 12.042 64.405 19.647 41.037 11.402 50.990 31.145 18.358 38.484 8.246 78.237 31.048 33.541 33.838 31.113 72.139 44.385 27.166 30.414 62.169 27.514 64.498 35.057 78.492 24.187 18.248 54.083 54.148 35.805 70.385 37.054 65.123 26.401 70.831 57.689 33.242 
75.505 66.219 33.615 61.522 55.946 42.059 78.186 47.011 50.931 28.425 79.310 54.589 44.011 78.447 47.885 43.012 78.294 61.400 16.763 72.533 87.464 75.954 83.934 17.000 67.624 40.497 44.944 29.017 38.471 27.586 38.275 50.606 59.666 28.178 20.248 28.844 0.000 45.541 52.154 35.903 50.931 68.066 25.554 27.586 22.361 32.249 27.659 30.017 44.011 74.027 73.007 67.742 14.213 54.589 81.000 55.973 39.812 37.108 54.672 91.241 32.650 52.802 24.352 29.069 19.209 69.426 19.235 14.560 39.825 54.918 5.099 15.000 64.815 32.558 72.945 48.703 52.202 5.000 38.053 72.801 19.647 52.631 44.147 37.216 7.280 81.584 57.245 83.433 51.624 21.095 25.239 72.801 7.071 95.718 59.034 45.618 35.903 77.929 28.844 50.289 
106.231 107.448 74.404 104.561 93.338 87.596 89.269 91.302 50.359 39.115 74.673 77.369 84.006 96.167 93.107 84.024 86.579 69.051 62.298 105.209 122.442 95.189 98.270 59.169 104.062 53.310 31.016 73.348 10.296 71.589 28.862 90.028 103.586 68.819 60.465 36.359 45.541 0.000 43.012 81.320 50.359 87.664 65.031 71.197 28.320 15.556 55.973 62.936 16.031 115.109 83.187 88.391 52.154 85.802 105.190 34.482 85.235 25.000 96.607 96.005 14.000 47.011 63.600 69.029 43.139 100.688 26.833 47.011 34.928 87.006 43.174 31.765 66.068 44.294 112.539 66.708 68.710 48.508 67.007 107.935 65.146 29.120 66.731 82.225 50.090 98.762 68.154 114.826 52.469 25.554 64.008 88.057 49.031 96.333 70.093 91.000 10.630 107.187 67.007 68.942 
74.813 88.323 61.008 89.269 70.838 85.329 47.760 81.006 9.899 24.166 32.280 44.407 95.713 56.939 86.145 94.372 44.385 28.178 64.257 75.717 93.477 56.859 57.385 53.600 78.721 22.804 12.166 78.549 34.525 64.630 17.000 70.831 90.554 57.079 51.788 23.324 52.154 43.012 0.000 81.492 9.899 50.448 77.698 63.506 32.558 34.176 38.013 45.044 27.000 94.868 41.785 51.740 65.803 58.138 68.884 13.454 80.753 20.616 80.231 53.038 45.541 4.472 52.240 81.123 34.540 70.456 39.825 63.781 12.728 59.933 54.203 40.311 23.345 22.361 90.250 33.287 33.422 57.140 43.174 80.623 67.067 16.553 37.162 84.481 50.567 59.059 29.206 83.096 12.042 37.802 77.389 48.374 59.076 53.460 30.806 85.376 37.108 74.411 80.994 35.228 
68.964 44.407 27.659 36.139 44.643 7.071 90.521 21.095 76.896 57.871 101.710 62.968 24.739 85.212 16.553 21.840 92.698 79.881 19.235 64.031 73.027 81.841 92.617 27.893 54.589 62.650 77.414 10.817 74.330 18.601 71.176 37.363 31.953 27.803 30.083 59.540 35.903 81.320 81.492 0.000 76.896 75.432 24.698 20.000 57.140 68.066 45.188 40.497 79.310 51.196 87.046 74.202 32.202 53.339 80.957 88.566 9.055 71.007 34.000 106.104 68.007 80.654 30.887 22.847 47.518 63.569 55.109 38.013 70.859 52.355 38.275 50.636 86.452 59.203 53.235 63.600 67.007 32.894 47.634 60.671 16.279 86.145 57.009 4.472 33.015 88.233 74.632 74.525 76.694 56.886 26.077 82.879 32.696 112.805 75.802 13.416 71.805 72.732 26.401 64.031 
65.000 79.831 54.332 81.394 62.097 80.081 39.051 74.243 0.000 22.672 28.844 34.670 93.193 47.413 79.906 91.586 36.222 18.974 60.902 66.038 83.762 47.170 48.384 49.244 69.462 15.033 19.647 75.180 41.012 59.203 22.023 62.650 83.054 50.990 46.819 23.022 50.931 50.359 9.899 76.896 0.000 40.608 76.059 57.974 34.438 39.319 32.016 38.328 34.713 86.128 32.985 41.869 65.054 48.847 59.034 23.345 75.186 26.019 72.339 46.271 50.636 5.831 46.573 79.202 32.016 60.745 42.048 63.891 16.125 50.695 53.814 41.340 16.279 18.601 81.271 23.707 23.601 55.902 35.128 71.120 63.530 26.077 28.160 80.231 48.010 49.659 19.416 73.246 2.236 40.311 75.928 38.910 58.000 48.083 21.095 79.429 43.046 64.537 79.511 25.554 
27.893 55.082 47.802 60.926 38.484 74.967 17.088 62.008 40.608 50.010 41.773 13.601 98.478 10.440 69.656 95.964 21.378 23.601 68.029 31.145 47.127 8.000 17.205 55.714 39.319 34.482 59.169 79.404 77.492 57.689 59.093 43.566 64.846 48.877 51.624 52.393 68.066 87.664 50.448 75.432 40.608 0.000 86.925 56.303 63.789 73.763 40.447 39.217 73.348 58.694 17.000 2.000 80.777 23.854 18.439 63.891 69.311 62.769 53.235 33.106 83.744 46.098 48.332 88.566 52.000 26.019 70.349 82.565 53.226 25.554 72.835 67.067 32.249 44.147 52.345 21.378 18.974 71.805 30.676 38.013 69.318 66.611 24.083 79.812 61.612 13.601 21.260 34.928 38.419 69.584 87.464 8.544 73.980 41.437 19.799 70.838 78.447 26.000 90.471 19.235 
87.281 67.720 42.297 60.166 64.008 31.623 99.479 44.598 76.059 53.824 103.966 73.410 19.235 97.309 41.183 19.000 100.404 84.646 18.974 83.054 94.641 94.340 103.788 31.305 75.166 64.382 70.264 13.892 60.407 32.062 63.561 57.079 56.365 39.051 35.341 54.378 25.554 65.031 77.698 24.698 76.059 86.925 0.000 33.136 47.170 54.745 48.826 47.854 67.469 74.947 94.874 86.163 13.153 68.447 96.540 81.154 33.106 62.032 56.515 113.719 51.039 78.237 38.626 4.000 44.045 81.394 42.202 18.028 65.368 68.066 24.352 39.217 89.107 57.489 76.158 70.178 73.783 20.591 56.365 81.099 18.248 77.492 64.498 22.672 28.284 100.464 80.000 94.021 76.577 44.385 1.414 93.022 18.788 119.017 81.609 38.079 57.219 90.554 3.606 71.344 
54.148 38.833 9.220 33.971 31.257 22.136 70.838 20.125 57.974 41.049 81.884 43.417 42.190 66.370 23.195 39.661 72.835 59.908 15.297 50.000 62.586 63.135 73.498 12.083 42.755 43.324 61.131 23.259 62.650 1.414 55.444 24.739 32.450 7.810 12.042 43.186 27.586 71.197 63.506 20.000 57.974 56.303 33.136 0.000 44.011 56.365 25.962 20.591 65.803 46.615 67.179 55.227 32.573 35.735 63.891 72.028 17.263 56.089 27.203 86.267 59.405 62.169 11.402 33.734 31.401 48.260 44.418 37.162 54.009 35.171 32.016 39.446 66.648 41.195 46.065 43.600 47.011 27.459 27.659 48.508 15.000 70.349 37.014 24.083 21.401 69.462 54.644 61.008 57.567 45.651 34.059 63.411 28.653 92.849 55.803 22.000 60.828 57.428 36.346 44.045 
79.177 79.202 46.325 76.662 65.069 62.650 69.260 64.078 34.438 14.000 63.135 51.923 66.098 73.335 66.761 65.253 67.897 49.820 38.013 77.698 94.626 71.701 77.000 31.953 75.928 30.000 23.324 51.245 18.868 44.598 16.643 61.717 76.026 40.817 32.650 12.166 22.361 28.320 32.558 57.140 34.438 63.789 47.170 44.011 0.000 12.806 28.018 34.713 22.204 86.833 63.388 64.133 34.438 58.310 80.081 34.015 59.439 14.866 68.505 79.555 20.248 34.409 35.511 50.922 14.866 73.430 7.616 31.623 19.849 59.363 22.847 8.062 50.329 20.000 84.220 42.426 45.177 26.926 39.446 80.000 41.012 30.364 40.804 59.000 24.187 76.236 47.170 87.710 35.847 6.083 46.615 66.030 28.460 82.280 49.163 65.000 17.692 80.529 50.160 44.553 
91.066 92.005 59.076 89.359 77.782 73.980 77.104 76.485 39.319 24.166 66.408 62.769 73.980 82.765 78.772 73.553 75.007 57.009 48.836 89.872 107.005 81.492 85.586 44.283 88.527 39.294 22.361 61.074 6.325 56.859 17.464 74.518 88.589 53.535 45.277 21.541 32.249 15.556 34.176 68.066 39.319 73.763 54.745 56.365 12.806 0.000 40.460 47.381 13.000 99.639 71.063 74.330 41.593 70.456 90.824 30.414 71.169 13.601 81.271 85.586 11.402 37.363 48.260 58.694 27.586 85.440 13.038 37.363 23.195 71.610 31.016 17.464 55.579 29.732 97.000 52.498 54.818 36.014 51.614 92.455 51.788 25.495 51.894 69.462 35.735 85.510 55.326 99.644 41.195 11.180 53.935 74.967 37.014 87.098 57.315 76.844 5.000 92.179 57.271 54.708 
51.478 53.235 23.087 52.498 37.643 48.083 50.990 43.046 32.016 18.358 56.859 27.074 63.702 50.804 48.166 61.717 51.624 36.069 31.113 49.739 66.611 48.374 56.321 18.439 48.104 17.464 37.643 44.822 45.967 27.203 33.106 35.355 53.151 19.105 15.264 21.095 27.659 55.973 38.013 45.188 32.016 40.447 48.826 25.962 28.018 40.460 0.000 7.616 46.043 60.539 46.141 40.200 40.853 30.414 54.332 47.854 43.174 34.986 43.658 64.900 47.885 36.346 14.560 51.225 13.416 45.618 32.696 42.202 30.083 31.385 32.388 28.460 41.617 16.279 57.201 21.471 25.060 31.623 11.705 52.010 33.302 47.127 16.492 48.765 21.541 53.935 31.241 59.933 31.623 32.650 49.092 45.222 33.838 70.292 32.802 47.518 45.453 53.141 52.431 22.847 
46.174 45.651 16.031 44.922 30.414 42.544 51.865 36.014 38.328 25.942 61.294 25.632 60.959 49.649 41.593 58.728 53.263 39.408 29.155 43.863 60.208 46.840 55.946 16.553 41.231 23.345 45.222 41.773 53.075 21.954 40.719 27.785 45.706 13.000 12.530 28.653 30.017 62.936 45.044 40.497 38.328 39.217 47.854 20.591 34.713 47.381 7.616 0.000 53.535 53.000 47.634 38.601 41.773 25.000 51.010 55.317 37.336 42.544 36.056 66.708 54.083 43.046 9.899 49.739 19.849 40.162 38.588 44.102 37.643 25.632 35.057 34.000 46.065 23.770 49.820 23.345 26.870 33.136 8.544 45.486 30.806 54.708 17.029 44.407 23.022 52.811 34.205 54.424 37.656 38.833 48.332 45.177 35.228 72.835 35.468 41.231 52.345 48.270 51.430 24.083 
93.862 99.126 67.119 97.509 83.600 84.853 73.756 85.703 34.713 27.803 58.694 64.070 86.683 81.345 88.769 86.145 70.859 53.600 60.133 93.434 111.036 80.623 82.970 53.852 93.606 39.661 15.133 73.027 9.220 66.483 14.422 81.302 97.309 61.847 54.083 25.000 44.011 16.031 27.000 79.310 34.713 73.348 67.469 65.803 22.204 13.000 46.043 53.535 0.000 106.532 67.683 74.243 54.342 74.250 91.302 19.235 81.584 11.314 89.006 80.025 21.932 31.064 56.462 71.386 34.928 88.617 25.318 50.289 20.125 75.664 43.417 29.017 50.160 31.828 103.228 53.000 54.589 48.166 55.973 96.897 63.127 13.892 54.037 81.056 46.390 83.815 53.141 102.450 36.878 23.195 66.708 73.055 49.366 80.306 55.027 87.098 12.728 94.403 70.093 55.227 
34.886 7.810 41.012 15.133 24.042 45.398 75.505 30.364 86.128 78.892 99.005 54.148 74.169 63.891 35.228 71.176 80.062 77.162 60.902 29.547 26.420 60.440 71.784 57.385 19.416 72.111 97.509 61.400 105.603 46.872 93.536 25.239 20.000 46.669 55.154 81.633 74.027 115.109 94.868 51.196 86.128 58.694 74.947 46.615 86.833 99.639 60.539 53.000 106.532 0.000 75.538 56.719 78.294 38.210 51.430 106.775 42.202 95.525 19.416 90.956 104.661 91.761 51.662 73.763 72.201 33.526 89.140 83.355 89.900 36.222 78.600 84.172 86.284 76.026 6.708 63.151 64.630 74.061 52.000 22.361 59.481 106.930 57.974 54.745 67.357 65.788 72.339 34.713 84.646 89.939 76.217 67.082 75.166 99.690 72.173 38.328 104.484 38.949 77.201 61.814 
44.553 71.589 59.666 76.844 54.406 87.618 6.083 76.158 32.985 49.497 25.298 24.698 108.577 17.205 83.528 106.301 5.657 14.142 76.609 48.094 63.561 18.788 15.652 63.820 56.223 33.734 52.631 89.376 73.553 68.593 54.452 58.694 80.411 59.397 60.000 51.245 73.007 83.187 41.785 87.046 32.985 17.000 94.874 67.179 63.388 71.063 46.141 47.634 67.683 75.538 0.000 19.000 86.764 39.217 32.202 54.562 82.006 58.421 68.710 19.105 82.000 37.336 57.489 97.082 54.708 43.012 70.711 87.464 48.374 41.110 77.253 68.447 19.416 43.566 69.260 24.698 21.095 77.389 39.623 55.009 78.409 58.310 30.610 91.241 67.535 18.385 16.279 50.961 30.806 69.462 95.189 9.487 79.624 26.077 14.318 84.315 75.240 42.202 98.478 23.601 
25.962 53.160 46.615 59.093 36.674 73.593 18.974 60.440 41.869 50.448 43.738 13.153 97.417 11.180 68.118 94.874 23.345 25.239 67.231 29.155 45.222 8.246 18.439 55.027 37.336 35.114 60.208 78.390 78.186 56.604 59.933 41.881 63.063 47.885 50.922 52.887 67.742 88.391 51.740 74.202 41.869 2.000 86.163 55.227 64.133 74.330 40.200 38.601 74.243 56.719 19.000 0.000 80.281 22.204 17.205 65.192 67.941 63.561 51.478 34.928 84.172 47.424 47.539 87.727 52.038 24.021 70.576 82.201 54.120 23.854 72.560 67.186 34.000 44.643 50.359 21.840 19.698 71.386 30.083 36.014 68.447 67.801 24.000 78.600 61.188 14.318 22.627 33.106 39.699 69.871 86.729 10.440 73.546 43.324 21.260 69.354 79.057 24.166 89.694 19.647 
85.212 70.661 40.792 64.351 63.561 39.205 91.788 48.826 65.054 42.450 93.509 67.186 32.388 91.214 47.381 32.062 92.130 75.472 17.464 81.615 95.079 88.527 97.082 26.019 75.186 54.644 57.706 22.361 47.265 31.953 51.000 57.280 61.400 36.222 30.067 42.638 14.213 52.154 65.803 32.202 65.054 80.777 13.153 32.573 34.438 41.593 40.853 41.773 54.342 78.294 86.764 80.281 0.000 65.008 92.439 68.447 38.897 49.244 59.034 105.190 38.210 66.708 34.015 17.117 33.422 79.158 29.120 5.831 53.254 65.008 11.662 26.401 79.025 46.755 78.390 62.241 65.795 9.434 50.220 80.808 18.868 64.622 57.245 31.765 19.313 94.372 71.197 92.655 65.795 31.321 12.369 86.035 7.211 109.836 72.945 44.553 44.102 88.051 15.811 63.695 
21.190 33.061 26.571 37.643 15.297 52.010 40.706 38.288 48.847 46.861 61.205 16.000 77.389 32.527 46.011 74.686 44.385 39.013 49.649 19.416 36.797 29.000 40.361 39.000 20.616 36.056 62.801 58.873 75.604 37.000 60.141 19.723 41.231 29.428 35.014 49.679 54.589 85.802 58.138 53.339 48.847 23.854 68.447 35.735 58.310 70.456 30.414 25.000 74.250 38.210 39.217 22.204 65.008 0.000 28.160 70.831 46.400 62.936 29.547 56.824 78.294 54.626 31.000 69.376 43.829 15.232 63.071 68.118 55.444 2.000 59.682 58.694 48.094 42.426 32.757 25.298 26.476 57.140 18.868 22.804 50.220 71.847 21.095 57.801 47.381 35.384 34.132 29.547 47.170 63.063 69.231 32.249 59.076 64.885 34.015 47.381 75.452 23.345 71.805 23.770 
16.553 50.220 54.708 58.138 37.802 78.892 29.120 63.820 59.034 66.731 57.385 28.160 105.309 15.524 71.610 102.552 34.482 41.773 77.666 21.954 33.000 13.416 22.000 66.483 33.015 51.894 77.389 86.977 94.937 65.146 76.942 44.654 62.968 57.489 62.394 69.289 81.000 105.190 68.884 80.957 59.034 18.439 96.540 63.891 80.081 90.824 54.332 51.010 91.302 51.430 32.202 17.205 92.439 28.160 0.000 82.329 73.430 80.498 52.402 42.000 100.285 64.537 58.549 97.529 67.082 19.105 86.122 95.084 71.197 28.792 86.006 82.377 50.000 61.098 44.721 38.484 36.715 84.095 43.046 29.069 78.339 85.000 39.294 85.428 74.027 16.031 39.699 20.000 56.851 85.615 97.293 22.825 86.145 51.000 38.210 73.498 95.635 12.649 99.925 36.249 
88.091 99.960 70.859 100.170 82.855 93.134 60.415 90.670 23.345 31.000 41.000 57.628 99.960 70.178 95.131 98.980 56.648 41.340 70.214 88.814 106.607 70.214 70.214 61.074 91.302 34.886 11.180 84.172 28.302 73.007 17.720 82.219 101.000 66.370 60.008 29.069 55.973 34.482 13.454 88.566 23.345 63.891 81.154 72.028 34.015 30.414 47.854 55.317 19.235 106.775 54.562 65.192 68.447 70.831 82.329 0.000 89.006 19.235 91.214 63.953 40.804 17.804 61.205 84.865 41.110 83.600 39.962 65.368 18.028 72.560 56.859 42.048 35.468 31.575 102.460 46.400 46.755 60.745 54.781 93.493 73.164 5.385 49.739 91.082 56.089 72.201 42.638 96.426 25.495 37.736 80.623 61.587 62.394 63.032 44.204 94.021 31.623 87.784 84.172 48.415 
60.745 35.355 22.472 27.203 36.401 5.657 85.041 12.042 75.186 58.009 98.412 57.489 33.377 78.746 8.485 30.414 87.618 76.059 23.324 55.660 64.070 75.286 86.371 28.071 45.891 60.440 78.006 19.313 77.492 16.125 72.111 29.155 23.259 24.352 29.069 60.008 39.812 85.235 80.753 9.055 75.186 69.311 33.106 17.263 59.439 71.169 43.174 37.336 81.584 42.202 82.006 67.941 38.897 46.400 73.430 89.006 0.000 72.443 25.020 100.896 72.450 79.429 28.636 31.623 48.042 55.543 58.523 44.553 71.028 45.222 43.046 53.759 83.259 58.421 44.181 59.540 62.769 37.736 43.417 51.971 20.809 87.092 52.839 13.038 35.440 81.688 70.711 65.970 74.726 60.083 34.438 77.104 38.013 108.005 71.694 5.831 75.273 64.622 35.114 59.682 
