0.000 68.118 27.295 67.201 22.023 94.921 63.640 19.416 37.202 31.385 75.472 57.706 26.306 59.775 32.450 94.005 52.038 11.662 47.508 32.558 74.027 30.150 52.154 26.926 74.967 51.225 62.936 60.166 11.705 86.608 81.049 66.219 98.478 45.000 61.057 99.298 89.499 40.000 21.541 11.314 
68.118 0.000 44.911 46.174 73.736 67.067 89.275 49.000 46.043 39.812 44.181 35.355 42.755 17.804 46.530 26.476 89.644 58.034 62.936 53.852 6.325 73.355 91.214 43.417 10.000 45.607 54.562 15.620 57.000 81.320 20.809 21.378 58.941 23.345 66.573 53.852 73.824 28.284 62.097 61.188 
27.295 44.911 0.000 60.902 43.012 89.359 77.466 10.296 35.511 5.099 66.400 48.260 17.117 33.377 31.145 71.386 70.007 15.652 54.000 37.054 51.196 47.854 70.774 20.100 50.010 47.760 61.351 34.132 15.811 89.499 61.741 50.000 88.527 24.698 65.490 87.046 88.391 20.616 17.464 26.401 
67.201 46.174 60.902 0.000 57.871 28.601 50.537 56.223 30.000 57.697 10.000 13.342 45.607 58.078 34.828 55.866 57.271 63.655 30.017 35.777 46.519 51.971 59.228 43.278 55.714 16.125 11.180 56.143 61.522 35.171 37.483 25.080 31.780 41.000 25.060 34.525 29.155 42.379 75.604 56.036 
22.023 73.736 43.012 57.871 0.000 82.855 42.202 32.802 31.000 45.343 67.446 52.240 32.450 70.456 28.284 97.293 30.017 30.083 31.401 23.087 78.746 8.944 30.150 30.887 82.347 42.202 50.537 70.178 28.636 69.426 81.498 65.192 89.538 50.990 44.598 92.179 74.653 46.530 42.953 16.643 
94.921 67.067 89.359 28.601 82.855 0.000 62.000 84.812 57.983 85.959 24.042 41.183 74.202 82.201 62.936 66.129 73.824 92.098 51.894 62.626 65.069 75.584 75.802 71.840 75.060 43.841 32.450 80.062 89.939 28.231 50.804 46.530 15.620 68.154 40.522 24.042 15.232 70.214 104.202 83.630 
63.640 89.275 77.466 50.537 42.202 62.000 0.000 67.742 46.065 77.621 59.615 55.317 61.400 94.154 48.466 105.209 15.556 69.007 26.627 41.110 91.924 33.541 17.029 58.523 99.247 43.841 39.357 92.962 67.030 37.643 86.839 71.701 74.673 72.560 25.495 80.808 48.374 70.214 83.006 55.009 
19.416 49.000 10.296 56.223 32.802 84.812 67.742 0.000 28.231 12.806 62.936 44.553 10.630 40.497 23.409 75.166 59.808 9.220 45.277 28.160 55.036 37.577 60.539 13.038 55.579 41.677 55.009 40.804 8.000 82.219 63.325 49.659 85.703 26.306 57.489 85.212 82.298 21.378 19.416 16.279 
37.202 46.043 35.511 30.000 31.000 57.983 46.065 28.231 0.000 34.015 38.471 21.587 18.439 48.260 5.000 67.357 43.863 34.409 19.925 8.246 50.120 28.160 45.343 15.524 55.606 14.142 26.926 47.202 32.202 54.120 50.804 34.366 61.400 26.627 30.067 62.769 54.203 24.166 47.413 26.077 
31.385 39.812 5.099 57.697 45.343 85.959 77.621 12.806 34.015 0.000 62.682 44.777 16.279 28.636 30.067 66.287 71.113 19.925 53.235 36.674 46.098 49.396 72.007 19.235 45.000 45.354 58.941 29.275 19.698 87.476 56.798 45.453 84.504 20.000 64.070 82.735 85.703 16.279 22.472 29.000 
75.472 44.181 66.400 10.000 67.446 24.042 59.615 62.936 38.471 62.682 0.000 18.385 52.345 58.421 43.046 49.204 67.082 70.937 40.012 44.944 43.174 61.814 69.051 50.329 52.953 25.298 20.616 56.321 68.884 38.949 31.385 23.000 23.022 44.283 34.176 24.739 29.833 46.648 82.073 64.498 
57.706 35.355 48.260 13.342 52.240 41.183 55.317 44.553 21.587 44.777 18.385 0.000 33.971 45.398 25.632 50.249 58.600 52.631 30.414 29.155 37.014 48.094 60.415 32.016 45.277 12.083 19.313 43.566 50.606 47.381 32.202 16.401 41.231 27.659 31.401 41.593 42.426 29.155 63.702 47.011 
26.306 42.755 17.117 45.607 32.450 74.202 61.400 10.630 18.439 16.279 52.345 33.971 0.000 38.013 14.036 68.066 55.570 18.868 37.054 20.396 48.374 34.713 56.604 3.000 50.596 31.305 44.777 37.736 17.000 72.533 54.745 40.162 75.166 19.416 48.374 74.887 72.014 14.560 30.000 18.439 
59.775 17.804 33.377 58.078 70.456 82.201 94.154 40.497 48.260 28.636 58.421 45.398 38.013 0.000 46.861 41.593 91.548 48.508 67.602 54.672 23.345 72.250 92.849 39.825 18.028 52.811 64.327 2.236 48.083 92.779 38.601 35.693 75.611 21.633 74.330 71.113 87.000 24.759 49.041 55.471 
32.450 46.530 31.145 34.828 28.284 62.936 48.466 23.409 5.000 30.067 43.046 25.632 14.036 46.861 0.000 69.123 44.688 29.411 23.195 7.810 51.078 26.833 46.011 11.045 55.758 19.105 31.906 46.011 27.203 58.822 53.235 37.014 66.038 25.456 34.366 67.119 59.169 22.204 42.485 21.471 
94.005 26.476 71.386 55.866 97.293 66.129 105.209 75.166 67.357 66.287 49.204 50.249 68.066 41.593 69.123 0.000 108.706 84.291 80.623 75.584 20.224 95.509 110.476 68.264 23.854 62.266 66.603 39.812 83.150 87.920 18.439 34.000 53.151 49.010 80.281 45.398 77.414 54.009 88.527 86.284 
52.038 89.644 70.007 57.271 30.017 73.824 15.556 59.808 43.863 71.113 67.082 58.600 55.570 91.548 44.688 108.706 0.000 59.228 28.231 36.878 93.231 22.561 2.000 53.000 99.358 46.519 46.530 90.686 57.489 51.894 90.802 74.706 85.006 70.093 34.000 90.200 61.400 66.843 72.691 45.122 
11.662 58.034 15.652 63.655 30.083 92.098 69.007 9.220 34.409 19.925 70.937 52.631 18.868 48.508 29.411 84.291 59.228 0.000 49.041 32.311 64.125 36.674 59.666 20.616 64.281 48.415 61.294 49.031 2.236 87.321 72.533 58.694 93.862 35.511 62.032 93.744 88.510 30.594 14.142 14.142 
47.508 62.936 54.000 30.017 31.401 51.894 26.627 45.277 19.925 53.235 40.012 30.414 37.054 67.602 23.195 80.623 28.231 49.041 0.000 17.117 65.947 23.707 30.083 34.059 72.863 18.358 20.396 66.370 46.840 39.115 62.610 46.648 60.208 46.065 13.601 64.195 43.278 44.011 63.063 36.674 
32.558 53.852 37.054 35.777 23.087 62.626 41.110 28.160 8.246 36.674 44.944 29.155 20.396 54.672 7.810 75.584 36.878 32.311 17.117 0.000 58.138 19.925 38.210 17.464 63.246 19.698 30.414 53.814 30.083 55.036 59.034 42.579 67.543 33.242 29.732 69.570 57.009 30.000 46.174 21.260 
74.027 6.325 51.196 46.519 78.746 65.069 91.924 55.036 50.120 46.098 43.174 37.014 48.374 23.345 51.078 20.224 93.231 64.125 65.947 58.138 0.000 77.878 94.868 48.836 10.000 48.083 55.758 21.260 63.032 81.345 16.155 21.471 55.731 29.069 68.411 50.000 73.007 34.059 68.411 66.753 
30.150 73.355 47.854 51.971 8.944 75.584 33.541 37.577 28.160 49.396 61.814 48.094 34.713 72.250 26.833 95.509 22.561 36.674 23.707 19.925 77.878 0.000 23.087 32.527 82.492 37.054 43.658 71.701 34.928 60.828 78.854 62.370 83.241 51.614 36.401 86.493 66.611 47.634 50.249 22.561 
52.154 91.214 70.774 59.228 30.150 75.802 17.029 60.539 45.343 72.007 69.051 60.415 56.604 92.849 46.011 110.476 2.000 59.666 30.083 38.210 94.868 23.087 0.000 54.083 100.896 48.332 48.508 92.022 57.974 53.712 92.612 76.479 87.006 71.449 36.000 92.195 63.325 68.118 72.993 45.607 
26.926 43.417 20.100 43.278 30.887 71.840 58.523 13.038 15.524 19.235 50.329 32.016 3.000 39.825 11.045 68.264 53.000 20.616 34.059 17.464 48.836 32.527 54.083 0.000 51.624 28.653 42.048 39.408 18.601 69.642 54.332 39.294 73.246 20.248 45.398 73.246 69.318 15.652 32.450 18.028 
74.967 10.000 50.010 55.714 82.347 75.060 99.247 55.579 55.606 45.000 52.953 45.277 50.596 18.028 55.758 23.854 99.358 64.281 72.863 63.246 10.000 82.492 100.896 51.624 0.000 55.606 64.413 16.492 63.506 90.758 25.710 30.676 65.620 31.385 76.551 59.666 82.765 36.056 66.483 68.964 
51.225 45.607 47.760 16.125 42.202 43.841 43.841 41.677 14.142 45.354 25.298 12.083 31.305 52.811 19.105 62.266 46.519 48.415 18.358 19.698 48.083 37.054 48.332 28.653 55.606 0.000 13.601 51.264 46.228 42.297 44.283 28.302 47.854 32.388 21.541 50.000 40.719 32.000 61.057 40.000 
62.936 54.562 61.351 11.180 50.537 32.450 39.357 55.009 26.926 58.941 20.616 19.313 44.777 64.327 31.906 66.603 46.530 61.294 20.396 30.414 55.758 43.658 48.508 42.048 64.413 13.601 0.000 62.586 59.076 29.017 48.166 34.409 39.812 45.011 13.892 44.011 27.295 45.177 74.303 51.624 
60.166 15.620 34.132 56.143 70.178 80.062 92.962 40.804 47.202 29.275 56.321 43.566 37.736 2.236 46.011 39.812 90.686 49.031 66.370 53.814 21.260 71.701 92.022 39.408 16.492 51.264 62.586 0.000 48.508 90.934 36.401 33.541 73.389 20.616 72.801 68.877 85.006 24.083 50.160 55.462 
11.705 57.000 15.811 61.522 28.636 89.939 67.030 8.000 32.202 19.698 68.884 50.606 17.000 48.083 27.203 83.150 57.489 2.236 46.840 30.083 63.032 34.928 57.974 18.601 63.506 46.228 59.076 48.508 0.000 85.088 71.063 57.009 91.831 34.234 59.808 91.810 86.284 29.275 16.279 12.369 
86.608 81.320 89.499 35.171 69.426 28.231 37.643 82.219 54.120 87.476 38.949 47.381 72.533 92.779 58.822 87.920 51.894 87.321 39.115 55.036 81.345 60.828 53.712 69.642 90.758 42.297 29.017 90.934 85.088 0.000 70.328 60.083 43.417 74.000 25.554 51.313 13.000 74.169 101.020 75.664 
81.049 20.809 61.741 37.483 81.498 50.804 86.839 63.325 50.804 56.798 31.385 32.202 54.745 38.601 53.235 18.439 90.802 72.533 62.610 59.034 16.155 78.854 92.612 54.332 25.710 44.283 48.166 36.401 71.063 70.328 0.000 16.492 40.112 37.336 61.847 33.956 60.539 42.059 79.202 72.173 
66.219 21.378 50.000 25.080 65.192 46.530 71.701 49.659 34.366 45.453 23.000 16.401 40.162 35.693 37.014 34.000 74.706 58.694 46.648 42.579 21.471 62.370 76.479 39.294 30.676 28.302 34.409 33.541 57.009 60.083 16.492 0.000 40.706 25.495 47.424 37.643 52.469 29.411 67.119 56.719 
98.478 58.941 88.527 31.780 89.538 15.620 74.673 85.703 61.400 84.504 23.022 41.231 75.166 75.611 66.038 53.151 85.006 93.862 60.208 67.543 55.731 83.241 87.006 73.246 65.620 47.854 39.812 73.389 91.831 43.417 40.112 40.706 0.000 65.215 51.010 8.602 30.529 68.250 104.661 87.464 
45.000 23.345 24.698 41.000 50.990 68.154 72.560 26.306 26.627 20.000 44.283 27.659 19.416 21.633 25.456 49.010 70.093 35.511 46.065 33.242 29.069 51.614 71.449 20.248 31.385 32.388 45.011 20.616 34.234 74.000 37.336 25.495 65.215 0.000 53.600 62.968 70.036 5.000 42.059 37.855 
61.057 66.573 65.490 25.060 44.598 40.522 25.495 57.489 30.067 64.070 34.176 31.401 48.374 74.330 34.366 80.281 34.000 62.032 13.601 29.732 68.411 36.401 36.000 45.398 76.551 21.541 13.892 72.801 59.808 25.554 61.847 47.424 51.010 53.600 0.000 56.321 30.232 52.612 75.895 50.120 
99.298 53.852 87.046 34.525 92.179 24.042 80.808 85.212 62.769 82.735 24.739 41.593 74.887 71.113 67.119 45.398 90.200 93.744 64.195 69.570 50.000 86.493 92.195 73.246 59.666 50.000 44.011 68.877 91.810 51.313 33.956 37.643 8.602 62.968 56.321 0.000 38.601 66.483 103.711 88.566 
89.499 73.824 88.391 29.155 74.653 15.232 48.374 82.298 54.203 85.703 29.833 42.426 72.014 87.000 59.169 77.414 61.400 88.510 43.278 57.009 73.007 66.611 63.325 69.318 82.765 40.719 27.295 85.006 86.284 13.000 60.539 52.469 30.529 70.036 30.232 38.601 0.000 71.063 101.597 78.243 
40.000 28.284 20.616 42.379 46.530 70.214 70.214 21.378 24.166 16.279 46.648 29.155 14.560 24.759 22.204 54.009 66.843 30.594 44.011 30.000 34.059 47.634 68.118 15.652 36.056 32.000 45.177 24.083 29.275 74.169 42.059 29.411 68.250 5.000 52.612 66.483 71.063 0.000 37.736 32.985 
21.541 62.097 17.464 75.604 42.953 104.202 83.006 19.416 47.413 22.472 82.073 63.702 30.000 49.041 42.485 88.527 72.691 14.142 63.063 46.174 68.411 50.249 72.993 32.450 66.483 61.057 74.303 50.160 16.279 101.020 79.202 67.119 104.661 42.059 75.895 103.711 101.597 37.736 0.000 28.000 
11.314 61.188 26.401 56.036 16.643 83.630 55.009 16.279 26.077 29.000 64.498 47.011 18.439 55.471 21.471 86.284 45.122 14.142 36.674 21.260 66.753 22.561 45.607 18.028 68.964 40.000 51.624 55.462 12.369 75.664 72.173 56.719 87.464 37.855 50.120 88.566 78.243 32.985 28.000 0.000 
